0.759419223297 25.5457924081 24.7864
1.53558223227 22.8894475271 21.3539
2.24040398611 17.9765730683 15.7362
2.27744048312 13.621313865 11.3439
2.4747251015 12.6409491411 10.1662
2.68008426956 13.9588744237 11.2788
2.74485548632 14.1493500625 11.4045
3.11515298749 14.1929259012 11.0778
3.1210118589 14.3528827346 11.2319
3.11431543034 14.2270105087 11.1127
3.0672979847 13.2981636158 10.2309
2.87097180906 13.4342573984 10.5633
2.85985114462 13.7297375306 10.8699
2.85315471605 13.9640488226 11.1109
2.84645828748 15.3792397797 12.5328
2.34134519316 19.1142368493 16.7729
0.871014945932 22.4181315818 21.5471
0.444454856002 24.5404132788 24.096
0.252138507377 25.8484639654 25.5963
0.702849573153 28.2288752859 27.526
2.73201872829 14.5974387228 11.8654
2.73429404115 14.5743047545 11.84
2.736569354 14.5438491826 11.8073
2.73884466686 14.6152248638 11.8764
2.77132716627 14.6240236349 11.8527
2.88807844266 14.6015430468 11.7135
2.88854312815 14.5674373644 11.6789
2.85314994377 14.5624381163 11.7093
2.81706059644 14.3103583934 11.4933
2.81175382696 13.7207100686 10.909
2.85264283762 13.0123838054 10.1597
2.89356594104 13.0608227967 10.1673
2.89486648118 13.0664897181 10.1716
2.88841831384 13.068765031 10.1803
2.90444149424 13.0710403438 10.1666
2.96873353951 13.0410400806 10.0723
3.03054322674 13.007393152 9.97685
3.07974888843 13.0096068967 9.92986
3.10914212799 13.0118822095 9.90274
3.1092750685 13.0141575224 9.90488
3.15485829751 12.7017710714 9.54691
3.3515262159 11.5155865149 8.16406
3.4699830848 11.5210519441 8.05107
3.53639208331 11.500254839 7.96386
3.60023348057 11.4758495944 7.87562
3.77344173591 11.4600347772 7.68659
4.07658486403 11.4722586613 7.39567
4.23105769075 11.519166067 7.28811
4.39883727818 11.5329288534 7.13409
4.47690341417 11.5352041663 7.0583
4.51282621171 11.5374794791 7.02465
4.52312230397 11.539754792 7.01663
4.60905581371 11.5616685079 6.95261
1.68152153784 15.7131304396 14.0316
1.63682719131 17.5848256729 15.948
1.49751659812 19.3875149421 17.89
1.34224679703 20.3281377777 18.9859
1.31895601118 20.1579638704 18.839
1.07099018024 19.9729808983 18.902
0.856304855109 20.4395064091 19.5832
1.12245800235 20.2586667585 19.1362
1.03317614209 19.9703609866 18.9372
0.57920705903 19.5359489012 18.9567
1.09024183037 19.2615892906 18.1713
1.27483053683 19.2529127286 17.9781
0.699851433909 19.2826117655 18.5828
0.814677714152 19.8555491385 19.0409
0.825045801017 20.7598779258 19.9348
1.03143839203 20.847694629 19.8163
1.11596252617 20.8389566074 19.723
1.68235082524 20.5435033232 18.8612
1.39253471975 23.154967725 21.7624
0.58488563141 23.4305152784 22.8456
0.107632725059 25.611311195 25.5037
0.28857073158 25.9336394314 25.6451
0.595979408585 24.9927481317 24.3968
1.07176308748 23.3209970061 22.2492
1.0087921025 20.8703081866 19.8615
1.09723431349 20.9776252429 19.8804
1.03422967604 21.0597577761 20.0255
0.990678860844 21.0449570941 20.0543
1.04025634749 20.0675243292 19.0273
1.36498852501 19.946736533 18.5817
1.42427962274 19.9071563634 18.4829
1.33977149217 18.9225097876 17.5827
1.25311609955 17.9689792011 16.7159
1.24943740075 18.9071341477 17.6577
1.15603268345 23.639062374 22.483
1.37783904409 24.9394960083 23.5617
0.883673349282 24.9362181701 24.0525
4.66305304523 10.244448394 5.5814
4.67468095221 9.9984130248 5.32373
4.60931306306 10.5040117673 5.8947
4.59029898028 11.4075992528 6.8173
4.20026661913 8.3077377279 4.10747
4.09306225241 10.824392356 6.73133
3.7246783886 8.98266890359 5.25799
3.69793676616 9.59694892414 5.89901
3.70956467314 9.17860732829 5.46904
3.4640712395 10.8712291761 7.40716
0.230769230769 27.7950806347 27.5643
0.230116220482 26.4415156445 26.2114
0.385668410915 25.4794545409 25.0938
1.20423377809 21.8188167659 20.6146
2.10631454461 19.3998925941 17.2936
1.84198807047 17.8319217672 15.9899
1.88170652875 15.5485472863 13.6668
2.23344169157 13.6938150948 11.4604
2.30769230769 14.4281138101 12.1204
2.30769230769 15.7377335996 13.43
2.5078338294 14.2565970479 11.7488
2.79345750363 14.2334480789 11.44
3.03338646259 16.5341866075 13.5008
1.59534501731 21.4204304875 19.8251
0.075747374962 27.9076737432 27.8319
3.22501746982 12.1870199686 8.962
3.11995894125 11.8939535864 8.77399
2.91656018208 12.5066679624 9.59011
3.15798570255 12.2648185763 9.10683
3.00925925926 12.1015930475 9.09233
3.00925925926 13.0001882026 9.99093
3.06157837032 12.6200692724 9.55849
2.89351851852 12.285104698 9.39159
2.89351851852 13.9715382394 11.078
2.89351851852 15.8755652607 12.982
1.53015135098 25.7348325021 24.2047
1.46074656402 21.412269521 19.9515
2.07098526792 19.8558545022 17.7849
2.03696932135 19.0309288918 16.994
2.20051620492 18.6304976027 16.43
2.16000582328 17.9044295206 15.7444
2.11009308639 17.8666607048 15.7566
2.28664979636 17.3657277927 15.0791
2.00951803555 17.3072983856 15.2978
2.4148206381 16.8090494948 14.3942
2.36741323069 16.5358280782 14.1684
2.32000582328 16.2388502649 13.9188
1.5378391759 16.6567523622 15.1189
1.05360385749 17.5882704684 16.5347
0.478669934017 20.9950246601 20.5164
0.352598415874 28.8560364722 28.5034
0.305191008466 31.4006056327 31.0954
0.257783601058 32.6038643242 32.3461
0.475271783033 24.8737478164 24.3985
1.76239834723 23.9563608447 22.194
1.88571428571 23.7213524797 21.8356
1.88523065221 23.8908824809 22.0057
1.99885574967 23.7578979154 21.759
2.08206930458 23.3298661167 21.2478
2.10204120459 22.516414259 20.4144
2.24181596484 21.5470297602 19.3052
2.21428571428 20.7211760289 18.5069
2.18571428572 20.071141519 17.8854
1.81400258484 18.7826617704 16.9687
1.98326334119 17.5221363897 15.5389
1.32704244938 17.2240053298 15.897
0.0272795560501 16.9100242824 16.8827
