684079.3840000001 6648122.654999999
286331.69649999996 6019616.34
303489.6025 6030736.715
303512.24399999995 6030506.635
458084.463 6278973.38
449942.0115 6291059.805
458768.127 6297152.445
455915.0115 6299659.725
440396.162 6292466.654999999
437659.25 6289646.890000001
441509.5935 6295372.605
438833.071 6308080.34
449736.3705 6317539.49
446482.407 6313485.755000001
476775.52749999997 6248112.89
466151.51249999995 6272906.025
210381.804 5682361.3100000005
210408.50449999998 5682308.275
210246.755 5674370.245
429837.36250000005 6208568.165
412320.855 6190975.11
407669.292 6186245.035
391850.054 6169960.949999999
394396.15650000004 6172605.3
382855.5715 6160462.7
370264.38 6147360.220000001
478543.564 6245972.955
375829.506 6153158.15
415293.826 6194303.19
427511.83400000003 6206911.235
420625.479 6199699.890000001
479504.7375 6245506.7
480992.627 6244079.779999999
93357.70915 6190888.835
409294.596 6136435.640000001
399590.683 6128424.845000001
415068.25899999996 6147210.65
412477.2635 6149691.52
415757.6975 6163827.07
419485.80299999996 6150576.605
419558.70050000004 6150506.91
387156.0125 6130524.295
457952.8295 6245751.915
390783.5455 6134256.95
428406.198 6172936.65
401536.0 6147035.555
405846.64300000004 6150516.875
364896.119 6081240.8149999995
361814.948 6078896.154999999
361249.2685 6074328.970000001
351817.778 6083206.465
453304.25 6245584.29
349285.356 6076918.64
365232.9325 6082212.88
372491.22750000004 6089514.285
365084.9135 6096306.205
367662.31149999995 6093839.55
361202.4425 6099961.875
366664.602 6094774.0600000005
404158.38450000004 6122820.755
446573.8075 6234425.38
410744.713 6129681.37
417224.445 6136609.355
420502.5205 6139864.029999999
435322.493 6198027.865
283532.2665 6021986.03
326321.67350000003 6059227.92
329167.59400000004 6056654.82
330695.475 6055221.63
330443.91500000004 6055456.54
339325.931 6062124.220000001
339810.043 6061708.58
339964.32700000005 6070526.84
338582.816 6071744.029999999
343793.6575 6074495.275
346128.831 6079966.994999999
355012.335 6088255.425000001
359944.7705 6083585.825
362622.361 6089989.0
366994.67350000003 6085847.195
368503.953 6084415.01
458233.429 6224044.525
365167.2035 6104250.415
367392.4915 6102155.5600000005
369279.575 6100378.095000001
368496.458 6101115.5649999995
376085.7725 6095308.755000001
380229.70900000003 6090027.375
374271.31 6104392.615
370465.826 6108010.395
376935.0325 6109156.449999999
405264.8175 6131490.98
447573.3935 6225291.395
373970.7585 6111806.050000001
372323.1655 6113392.08
374354.7485 6111557.45
382526.7255 6121479.66
412200.055 6154485.465
416446.471 6153395.91
419969.60349999997 6172966.3149999995
447150.088 6217800.585
437826.79099999997 6207370.475
442667.75950000004 6215576.54
441871.796 6221842.61
456689.53099999996 6217265.415
452525.88899999997 6220039.6
440995.614 6201683.985
463296.7295 6246420.07
461747.78500000003 6222730.1850000005
273744.7855 5526139.73
238012.79200000002 5721364.07
273349.1805 5733126.595000001
424981.06700000004 6160544.8
445185.14249999996 6213146.71
466927.3125 6245098.67
403103.125 6133552.625
407451.0 6129437.58
369910.328 6087086.995
129068.4065 5988557.115
129632.5655 5987913.05
402703.55649999995 6144853.3100000005
282491.7295 6046133.215
283695.095 6035430.535
284752.90150000004 6026175.725
447420.6125 6213670.095000001
284873.24450000003 6025151.0649999995
460683.1185 6296551.904999999
460739.97849999997 6330042.855
465875.8025 6335241.375
431192.29150000005 6211175.345
439104.909 6343897.720000001
444423.2165 6339113.03
442580.5625 6340773.67
447476.5045 6336396.295
444620.152 6325896.895
436459.56149999995 6200989.4399999995
459313.26300000004 6313378.545
79662.31495 5927077.76
237985.7515 6023011.395
238237.1 6018869.035
314653.48199999996 6060971.1850000005
300300.5185 6628535.0
305560.002 6601569.9350000005
307563.0935 6628346.91
309773.7105 6631387.605
441998.5175 6195760.93
254100.16499999998 6523674.98
258445.3335 6538592.335
265497.01749999996 6585993.074999999
273124.712 6529083.46
277314.87450000003 6525900.49
275275.851 6527472.15
278995.9695 6486502.82
291842.4325 6476247.9350000005
288717.95149999997 6478745.505
296980.632 6472145.865
302645.77150000003 6467573.859999999
300789.4245 6469074.46
249984.9075 6509457.24
425992.7065 6183563.91
289760.47 6442238.890000001
288740.9845 6443077.255
288589.717 6443146.01
287727.3685 6443839.494999999
284842.49600000004 6446126.05
276955.681 6452283.705
270840.88049999997 6457215.654999999
426069.734 6167710.53
271527.9305 6456673.9399999995
269641.963 6458198.24
273035.58900000004 6455457.105
273826.804 6454815.385
250430.1645 6473283.404999999
422746.794 6170373.86
250475.4185 6473249.87
246017.9855 6476782.3149999995
275021.5625 6453847.78
275031.2535 6453839.88
281891.80000000005 6448419.625
273308.275 6427359.859999999
276139.89 6425178.285
409177.9 6127818.5
409173.3445 6127822.765
419652.974 6159065.3149999995
291875.1545 6413021.795
289257.921 6415049.1899999995
298494.139 6407893.215
295234.895 6410421.48
317981.056 6392805.825
310167.12450000003 6398865.015
295388.38300000003 6410302.27
300936.819 6406003.395
415774.7795 6162802.82
287722.3125 6416220.845
280912.7155 6421502.609999999
280718.4615 6421637.52
306171.3465 6401962.38
334195.35 6380243.925000001
264484.0975 6434225.525
407491.7135 6154448.745
324751.5475 6387551.785
328086.6665 6384963.27
473617.21550000005 6272307.460000001
463547.7695 6281362.355
459293.9265 6283329.83
441291.254 6297321.359999999
429813.984 6305728.345000001
439434.9495 6301225.705
412275.2365 6141828.495
448879.6895 6291441.955
427357.837 6306791.03
401334.89650000003 6328253.655
409106.22349999996 6323248.51
403772.9355 6326371.27
413173.71349999995 6319098.215
422049.42000000004 6312228.68
394636.1385 6333446.62
397524.903 6331203.92
406957.1565 6146872.4399999995
298533.7305 6393498.45
299195.4615 6392935.54
289812.5165 6400017.68
281535.333 6407929.18
284341.865 6404227.85
412225.3855 6141867.305
281179.031 6406846.225
281207.4055 6406809.855
305108.7085 6478849.619999999
304972.825 6478647.57
300033.1175 6471982.84
272188.7305 6433845.885
273613.07649999997 6435800.34
408357.695 6137219.55
275494.592 6438542.235
278783.733 6443288.165
281965.0475 6447713.575
285519.6285 6452411.395
291139.952 6459901.165
277546.19299999997 6481593.79
276043.4155 6479652.6850000005
282092.632 6487724.23
405277.0435 6139850.09
258354.213 6455741.495
256740.8835 6453600.855
261344.47999999998 6459683.93
405410.05700000003 6139840.225
281369.721 6486726.48
247545.26 6477975.66
244874.218 6473996.175000001
250284.066 6481393.494999999
249974.58399999997 6480977.18
258894.5365 6492724.115
260792.8825 6495186.529999999
259847.135 6493949.140000001
401240.61549999996 6135294.29
275904.843 6516034.245
278538.8755 6537677.71
273778.3775 6535286.68
278182.4765 6537510.83
280905.72699999996 6538841.984999999
407480.391 6601140.525
411941.8705 6603313.93
406128.3125 6600476.85
438763.7485 6219482.885
394105.6695 6138443.255000001
407171.225 6600990.3149999995
610601.1089999999 6606775.93
586568.5430000001 6625214.869999999
590206.3565 6622252.085
610097.7855 6607179.87
615336.8695 6603043.695
596261.5115 6617435.154999999
600734.2405000001 6606101.855
594343.949 6611114.455
396074.427 6131719.32
603844.6799999999 6603663.195
589327.3595 6614943.76
593349.655 6572682.279999999
592502.939 6573273.765
594000.3925000001 6582047.34
594642.606 6581603.29
596279.1529999999 6580434.975
598326.7185 6578996.705
605471.744 6589798.32
596287.4605 6625443.405
604504.0495 6619412.855
606961.034 6617573.39
616602.095 6610422.4350000005
573236.263 6552890.85
578286.6954999999 6548214.960000001
577161.8955000001 6547015.035
571792.441 6554005.425000001
562698.791 6527163.765
564173.8319999999 6529049.115
391930.021 6136434.125
566105.7590000001 6531524.885
559591.171 6523146.074999999
555916.051 6518359.59
575672.596 6544632.029999999
577313.964 6547013.8100000005
578098.943 6548113.8100000005
582096.5055 6553762.875
582778.122 6554712.605
579524.815 6550125.720000001
572634.1425 6540431.795
574873.4055 6543481.215
448137.0355 6373548.5
452296.269 6379091.279999999
454629.5065 6382217.96
446876.43200000003 6371838.4350000005
434260.13800000004 6354908.42
387380.974 6124711.285
441634.3225 6361578.775
453426.0985 6376954.4350000005
424587.50399999996 6340880.47
415820.94200000004 6328833.6899999995
413937.4825 6326265.425000001
421195.814 6336530.68
421023.9405 6334745.84
444665.5135 6368827.0600000005
420509.89749999996 6333580.1899999995
412806.201 6324794.87
392453.7165 6119913.79
417460.6825 6331141.995
435840.981 6349708.41
429890.29000000004 6346504.470000001
568456.3049999999 6534561.045
426713.2735 6455547.3
421813.7825 6448846.05
422593.9255 6449930.88
418518.406 6444209.275
413331.63399999996 6436911.619999999
417359.0155 6442587.7
414350.03449999995 6438352.05
408246.56 6429867.449999999
416723.6265 6441697.625
392622.01 6409485.27
400624.189 6419620.359999999
389120.0995 6115034.195
387036.33999999997 6401964.585
384315.243 6398627.545
406078.94299999997 6426887.525
413450.4555 6437095.585000001
420275.79 6446683.654999999
446672.6215 6503389.529999999
450132.473 6507505.375
531980.5349999999 6522101.015000001
390704.3685 6113499.68
546168.6155000001 6511126.415
531288.675 6526841.904999999
551082.9114999999 6521599.425
556212.679 6517991.795
538505.927 6531157.0649999995
539668.298 6530247.1850000005
543234.244 6527496.49
470125.392 6281006.58
204293.1895 5694280.48
204303.891 5694257.87
552076.051 6535841.1899999995
557491.6429999999 6531923.234999999
555831.9635000001 6533124.705
262076.702 6299317.715
259702.82650000002 6297624.824999999
259049.6675 6297161.25
258058.515 6296430.23
261955.9185 6299228.6
260319.4875 6298064.035
262042.07399999996 6299290.96
255663.4515 6294575.085000001
274156.7085 6307968.08
267058.391 6302878.945
264992.2525 6301403.220000001
260003.3455 6297839.17
271882.15249999997 6306334.275
275389.0555 6308855.695
275881.05350000004 6309209.915
272266.91500000004 5741820.75
281559.21699999995 6313311.82
277959.9675 6310707.234999999
275501.3775 6308935.0600000005
276550.4915 6309691.960000001
269302.36549999996 6304491.6899999995
270850.5465 6305595.234999999
287260.54799999995 6317477.195
284614.01450000005 6315550.215
283564.461 6315001.785
272505.0095 5746742.665
282959.7735 6316208.805
294407.7175 6322715.765000001
291361.618 6320463.890000001
309081.2255 6333745.515000001
304566.3015 6330368.115
296723.31 6325287.835
304027.8225 6329960.705
311229.33400000003 6335350.055
314877.88 6338036.375
252855.73849999998 5726034.43
333435.4715 6351860.175
338689.973 6355729.255
336864.45900000003 6354382.295
317217.0355 6339750.085
318762.217 6340898.515000001
342314.97400000005 6358434.35
330660.0335 6349739.99
318491.178 6340697.359999999
305234.62899999996 6330873.324999999
311403.2115 6335472.154999999
318157.26399999997 6281354.615
315667.8975 6279978.795
309214.0375 6276371.555
324782.108 6284992.51
337841.21900000004 6293147.029999999
350642.3365 6299649.055
352365.985 6301620.8100000005
359690.34900000005 6304593.97
382152.414 6318421.11
388750.8925 6328307.279999999
375379.76399999997 6313466.295
370921.825 6310714.8
377896.863 6315894.43
364823.691 6307371.31
268661.588 5732913.68
344584.7355 6296201.325
330529.53 6288152.13
279091.345 6315744.255
312201.71849999996 6278044.58
339938.21 6293376.23
358769.14650000003 6304102.0
313739.5455 6278906.515000001
329996.21499999997 6287840.57
346769.866 6297454.055
266984.13749999995 6318186.805
252328.756 5727804.465
266658.7675 6318248.8
271743.87049999996 6317220.71
276767.7725 6316204.505000001
266423.835 6318283.075
289636.5 6313723.8149999995
296106.67500000005 6312448.42
313749.1775 6309047.385
330435.102 6306046.865
300884.6805 6311476.32
302888.94350000005 6311075.635
300651.9715 6311524.279999999
285726.755 6314473.79
144631.081 6177343.4
238268.852 5729743.845000001
192859.783 6254612.17
201529.653 6268520.33
164080.944 6124175.07
61484.5 6229971.69
327465.77749999997 6058221.095000001
93255.4583 6342276.355
119925.532 5999003.705
120620.7875 5998208.32
59277.76555 5894150.890000001
66492.28205000001 5889378.935
60499.01455 5893346.29
71382.64085 5871468.699999999
145623.7255 6001891.965
137756.718 6012146.87
327478.451 6058187.82
158911.76750000002 6020479.8149999995
162080.3155 6015384.84
158311.7085 6021438.755
176993.951 6009215.34
179605.938 6004790.5600000005
272384.4165 6025720.745
281595.924 6054071.365
281526.188 6054511.495
281541.731 6054499.92
283370.2855 6038268.525
336751.15249999997 6064458.345
282828.194 6043195.63
282255.5115 6048094.715
283367.4475 6038393.455
284156.0255 6031387.1850000005
286597.155 6012262.79
279651.431 6025825.475
282050.4485 6023420.859999999
288765.904 6016949.555
281548.52 6023899.915
302881.5405 6028678.9350000005
352146.5575 6074196.9
304161.51399999997 6024986.495
303241.324 6032916.93
303244.996 6032879.62
303173.4225 6033525.779999999
291037.4255 6014259.05
293862.2835 6014635.99
314965.636 6016883.915
348464.479 6077706.82
314573.3955 6061641.245
313892.895 6066632.25
316243.9565 6048933.575
316695.7905 6041738.285
317574.15 6038657.525
315811.7675 6052237.18
316494.26800000004 6047033.095
347373.011 6078723.97
318552.022 6031127.015000001
318997.79500000004 6039540.33
335386.4965 6050906.13
338467.2255 6062898.595000001
342191.4765 6068354.375
346703.503 6079390.725
355909.7465 6070608.785
352968.54650000005 6082131.28
366769.823 6077129.295
441053.83400000003 6378068.415
432298.4275 6361571.845
432960.316 6369247.5
418196.968 6350569.255000001
401281.58050000004 6326619.715
398633.4535 6323045.23
397560.37100000004 6321661.85
402768.868 6328579.279999999
387034.88049999997 6307398.3100000005
363250.239 6272916.175
359258.521 6084242.51
349878.0555 6257444.675
371969.9795 6287063.4
413939.41099999996 6343103.984999999
422510.3865 6351111.8149999995
426285.391 6358348.6850000005
418650.141 6350357.494999999
439731.70900000003 6215259.08
443219.0865 6212537.575
300767.394 6321560.405
314310.58849999995 6310906.525
272423.053 6024823.57
272401.4315 6024943.41
294939.9215 5656778.395
323202.859 6304142.875
284642.257 6333861.4350000005
283843.506 6333490.33
276340.0205 6340302.545
453398.9695 6267995.59
273558.76 6342458.5
288316.2195 6331004.715
314389.58900000004 6311269.640000001
354710.9365 6280024.14
368707.39650000003 6269452.325
208364.2365 6023958.59
342697.227 6289409.9
345041.631 6287591.074999999
348725.7165 6284743.970000001
347221.7435 6285843.05
488425.9 6288448.135
295162.1085 6325876.075
328628.5 6300009.335
439406.914 6378680.715
450541.363 6380220.92
208976.1065 6020398.255000001
491757.3235 6272440.85
473840.95149999997 6286890.195
464654.1705 6288783.619999999
447563.4445 6304960.965
452145.99549999996 6302003.275
430847.6405 6316778.645
434706.198 6192492.415
428879.6455 6319351.21
422279.326 6323062.54
428821.6185 6318739.13
460321.802 6296323.41
446571.27 6305590.050000001
412784.0585 6330609.785
435669.2095 6313244.615
415498.975 6329022.885
394074.3555 6303027.574999999
404481.9345 6308601.62
442803.553 6204661.485
404434.301 6313681.220000001
406656.71349999995 6316780.96
388535.4535 6291977.21
390522.6145 6295708.390000001
402625.725 6308021.005000001
413494.3905 6326277.595
429621.654 6299378.65
419287.87 6289015.195
449840.8175 6333597.550000001
451665.282 6335809.745
426358.6505 6296446.76
431606.093 6305406.59
442639.5455 6322317.08
442975.757 6322884.66
445050.6615 6326132.17
422051.168 6294122.125
443646.75399999996 6326300.035
436815.70499999996 6320835.785
448879.1075 6331644.755
454117.998 6337570.275
448944.582 6316679.73
450915.712 6317725.390000001
458880.781 6330646.28
452158.63399999996 6321124.234999999
445490.5325 6286896.46
451260.931 6295234.9350000005
450660.9055 6289172.28
458566.662 6307152.91
449829.21 6223056.67
448860.8245 6290461.875
452963.326 6267309.91
456391.65650000004 6272528.05
475314.314 6300874.74
468567.951 6299013.215
480932.8545 6312037.01
458970.38800000004 6267690.46
406483.07499999995 6350949.205
456990.5385 6237032.335
409605.8285 6356633.395
409904.997 6356318.8100000005
438595.92449999996 6394106.795
431943.6605 6385299.665
428966.899 6378924.84
427905.1575 6380045.77
428727.5495 6381109.08
423613.579 6374419.035
419072.7615 6371285.49
436188.7985 6390912.62
453972.6895 6238613.395
414780.01749999996 6362700.365
420038.00100000005 6369810.630000001
444836.895 6402556.745
415279.47750000004 6441431.26
452644.04949999996 6411572.525
416480.13399999996 6440498.1
463589.843 6246887.635
427430.316 6431513.515000001
680720.3759999999 6643610.8149999995
684460.0260000001 6648696.28
687064.2235000001 6652160.555
607814.145 6565203.99
609605.8615 6565848.71
450496.4395 6231960.8100000005
441922.1655 6384689.07
444778.4615 6382426.52
429332.991 6394452.51
436961.3295 6388550.695
416515.456 6404491.675
420161.9335 6401787.965
427021.966 6396236.9350000005
400706.824 6417277.52
402995.497 6345143.154999999
436554.7265 6210371.5649999995
415255.4565 6336687.6850000005
417287.3645 6335283.305
410401.037 6340028.855
426754.1825 6328457.74
431292.6315 6325170.21
386670.73199999996 6396824.035
401787.424 6385517.775
423670.821 6369306.215
433554.569 6361803.29
368617.913 6409829.355
370626.51300000004 6408349.87
374118.5605 6405865.365
452445.02800000005 6347020.6
450773.1105 6349075.535
450029.2025 6347933.715
461696.462 6341253.645
443105.733 6354766.0600000005
448941.855 6350406.4350000005
426207.3955 6367335.93
418441.7335 6364013.9
436460.7435 6216161.835
436344.5595 6215983.805
446286.0005 6342917.9399999995
438066.66799999995 6348966.505
443292.0425 6345053.495
445611.49049999996 6343411.915
427710.8595 6356977.68
367286.3815 6403227.72
411238.23549999995 6348002.87
412347.595 6347199.4399999995
411380.36950000003 6347920.13
415072.2655 6345109.835
417810.4595 6343063.505
418889.978 6342248.715
432317.378 6332401.545
450338.97699999996 6319496.2
457751.999 6315349.945
430807.6435 6333393.475
444615.13 6225890.9350000005
480302.302 6302307.07
283025.42799999996 6332166.18
281878.44649999996 6335483.715
280256.6285 6405681.949999999
280494.681 6396598.0
280212.6855 6408278.27
279914.658 6420795.695
281494.4375 6374014.675000001
278759.22 6457888.0
435263.5775 6211898.27
283243.06200000003 6326313.8149999995
283343.1635 6319538.699999999
283382.22750000004 6314012.645
283434.642 6312474.91
283617.132 6308244.01
283642.179 6308151.045
426633.6495 6343431.3100000005
435369.29850000003 6337576.44
437211.07050000003 6335856.07
441013.064 6333135.085
456772.3895 6321977.035
461104.65949999995 6318866.779999999
459433.565 6321271.73
480420.03300000005 6305320.855
470269.608 6312242.75
465078.254 6316021.975
279325.723 6439402.48
464149.64749999996 6245363.71
279022.9085 6449498.574999999
279980.436 6417953.415
278715.994 6458818.234999999
279171.004 6444318.885
279738.3325 6427603.779999999
279834.248 6424344.65
279839.55 6424039.710000001
280478.859 6419640.27
123275.53 5995148.2
123094.92850000001 5995355.645
280114.532 6412692.805
280327.21499999997 6402760.26
280637.9975 6392606.15
280795.88899999997 6389318.105
279552.606 6432643.745
391559.5175 6314924.48
413137.3785 6305164.52
402545.7235 6296980.335000001
459385.04449999996 6247216.14
406200.86699999997 6294489.28
414210.48600000003 6291265.525
410015.815 6291799.0649999995
462380.32 6257001.24
413508.69 6289350.71
462368.5635 6256974.605
456827.221 6260624.345
461003.582 6249003.96
475905.64800000004 6270057.765000001
466257.65800000005 6262957.76
481794.05 6288090.845000001
463039.448 6269687.695
473054.53599999996 6279615.23
476134.8735 6285489.94
479167.7665 6290972.92
443149.9575 6295884.609999999
279468.4475 6434979.825
