0.759419223297 25.5457924081 24.7864
1.53558223227 22.8894475271 21.3539
2.24040398611 17.9765730683 15.7362
2.27744048312 13.621313865 11.3439
2.4747251015 12.6409491411 10.1662
2.68008426956 13.9588744237 11.2788
2.74485548632 14.1493500625 11.4045
3.11515298749 14.1929259012 11.0778
3.1210118589 14.3528827346 11.2319
3.11431543034 14.2270105087 11.1127
3.0672979847 13.2981636158 10.2309
2.87097180906 13.4342573984 10.5633
2.85985114462 13.7297375306 10.8699
2.85315471605 13.9640488226 11.1109
2.84645828748 15.3792397797 12.5328
2.34134519316 19.1142368493 16.7729
0.871014945932 22.4181315818 21.5471
0.444454856002 24.5404132788 24.096
0.252138507377 25.8484639654 25.5963
0.702849573153 28.2288752859 27.526
