2.73201872829 14.5974387228 11.8654
2.73429404115 14.5743047545 11.84
2.736569354 14.5438491826 11.8073
2.73884466686 14.6152248638 11.8764
2.77132716627 14.6240236349 11.8527
2.88807844266 14.6015430468 11.7135
2.88854312815 14.5674373644 11.6789
2.85314994377 14.5624381163 11.7093
2.81706059644 14.3103583934 11.4933
2.81175382696 13.7207100686 10.909
2.85264283762 13.0123838054 10.1597
2.89356594104 13.0608227967 10.1673
2.89486648118 13.0664897181 10.1716
2.88841831384 13.068765031 10.1803
2.90444149424 13.0710403438 10.1666
2.96873353951 13.0410400806 10.0723
3.03054322674 13.007393152 9.97685
3.07974888843 13.0096068967 9.92986
3.10914212799 13.0118822095 9.90274
3.1092750685 13.0141575224 9.90488
3.15485829751 12.7017710714 9.54691
3.3515262159 11.5155865149 8.16406
3.4699830848 11.5210519441 8.05107
3.53639208331 11.500254839 7.96386
3.60023348057 11.4758495944 7.87562
3.77344173591 11.4600347772 7.68659
4.07658486403 11.4722586613 7.39567
4.23105769075 11.519166067 7.28811
4.39883727818 11.5329288534 7.13409
4.47690341417 11.5352041663 7.0583
4.51282621171 11.5374794791 7.02465
4.52312230397 11.539754792 7.01663
4.60905581371 11.5616685079 6.95261
