1.68152153784 15.7131304396 14.0316
1.63682719131 17.5848256729 15.948
1.49751659812 19.3875149421 17.89
1.34224679703 20.3281377777 18.9859
1.31895601118 20.1579638704 18.839
1.07099018024 19.9729808983 18.902
0.856304855109 20.4395064091 19.5832
1.12245800235 20.2586667585 19.1362
1.03317614209 19.9703609866 18.9372
0.57920705903 19.5359489012 18.9567
1.09024183037 19.2615892906 18.1713
1.27483053683 19.2529127286 17.9781
0.699851433909 19.2826117655 18.5828
0.814677714152 19.8555491385 19.0409
0.825045801017 20.7598779258 19.9348
1.03143839203 20.847694629 19.8163
1.11596252617 20.8389566074 19.723
