1.68235082524 20.5435033232 18.8612
1.39253471975 23.154967725 21.7624
0.58488563141 23.4305152784 22.8456
0.107632725059 25.611311195 25.5037
0.28857073158 25.9336394314 25.6451
0.595979408585 24.9927481317 24.3968
1.07176308748 23.3209970061 22.2492
1.0087921025 20.8703081866 19.8615
1.09723431349 20.9776252429 19.8804
1.03422967604 21.0597577761 20.0255
0.990678860844 21.0449570941 20.0543
1.04025634749 20.0675243292 19.0273
1.36498852501 19.946736533 18.5817
1.42427962274 19.9071563634 18.4829
1.33977149217 18.9225097876 17.5827
1.25311609955 17.9689792011 16.7159
1.24943740075 18.9071341477 17.6577
1.15603268345 23.639062374 22.483
1.37783904409 24.9394960083 23.5617
0.883673349282 24.9362181701 24.0525
