0.230769230769 27.7950806347 27.5643
0.230116220482 26.4415156445 26.2114
0.385668410915 25.4794545409 25.0938
1.20423377809 21.8188167659 20.6146
2.10631454461 19.3998925941 17.2936
1.84198807047 17.8319217672 15.9899
1.88170652875 15.5485472863 13.6668
2.23344169157 13.6938150948 11.4604
2.30769230769 14.4281138101 12.1204
2.30769230769 15.7377335996 13.43
2.5078338294 14.2565970479 11.7488
2.79345750363 14.2334480789 11.44
3.03338646259 16.5341866075 13.5008
1.59534501731 21.4204304875 19.8251
0.075747374962 27.9076737432 27.8319
