1.53015135098 25.7348325021 24.2047
1.46074656402 21.412269521 19.9515
2.07098526792 19.8558545022 17.7849
2.03696932135 19.0309288918 16.994
2.20051620492 18.6304976027 16.43
2.16000582328 17.9044295206 15.7444
2.11009308639 17.8666607048 15.7566
2.28664979636 17.3657277927 15.0791
2.00951803555 17.3072983856 15.2978
2.4148206381 16.8090494948 14.3942
2.36741323069 16.5358280782 14.1684
2.32000582328 16.2388502649 13.9188
1.5378391759 16.6567523622 15.1189
1.05360385749 17.5882704684 16.5347
0.478669934017 20.9950246601 20.5164
0.352598415874 28.8560364722 28.5034
0.305191008466 31.4006056327 31.0954
0.257783601058 32.6038643242 32.3461
