0.475271783033 24.8737478164 24.3985
1.76239834723 23.9563608447 22.194
1.88571428571 23.7213524797 21.8356
1.88523065221 23.8908824809 22.0057
1.99885574967 23.7578979154 21.759
2.08206930458 23.3298661167 21.2478
2.10204120459 22.516414259 20.4144
2.24181596484 21.5470297602 19.3052
2.21428571428 20.7211760289 18.5069
2.18571428572 20.071141519 17.8854
1.81400258484 18.7826617704 16.9687
1.98326334119 17.5221363897 15.5389
1.32704244938 17.2240053298 15.897
0.0272795560501 16.9100242824 16.8827
