#midpoint_x midpoint_y name diameter emplacement_depth transgressive_height
684079.384 6648122.655 Sill805 9081.46843173 0.764587411492 0.28329316054
458084.463 6276992.395 Sill100 12821.9868926 4.52578398958 1.02788620523
280406.394 6399607.525 Sill1000 3271.80959061 1.53801108378 0.985146578466
280303.222 6403584.335 Sill1001 2435.73612297 0.979028298788 0.114623718592
279979.8395 6417983.255 Sill1002 5011.80251099 3.20210153317 0.696489936181
279069.6165 6447623.98 Sill1005 2825.46741755 0.767939685062 0.177510597699
278896.584 6454303.575 Sill1006 1862.37626784 1.39949726622 0.267302302815
278788.7485 6457507.515 Sill1007 2124.7140707 0.643474837232 0.307056345112
279674.74 6429220.675 Sill1009 1850.01800755 1.59972675887 0.798000591862
449617.9115 6291516.255 Sill101 9726.52926229 5.29642188095 0.292476171304
282850.689 6336475.8 Sill1010 850.090658026 1.7150670497 0.238865771472
283274.4785 6324577.39 Sill1011 6310.58491308 2.86858101746 0.704826002795
295398.4415 6410295.72 Sill1012 6036.3631524 3.68176891109 0.63849123767
302233.282 6405004.455 Sill1014 4025.62007377 4.25521632292 0.388370594633
303406.3045 6404096.605 Sill1015 5537.67675213 1.45202445811 0.595391166627
290449.826 6441732.55 Sill1016 3859.8915886 2.50432716184 0.403924875933
275007.4145 6453860.115 Sill1018 4012.34281065 4.67377369564 0.361995253258
354666.448 6280084.645 Sill1019 3835.70598907 3.28507617249 0.312201516085
459705.7855 6296742.825 Sill102 6189.18745355 6.20404906587 0.771785432866
339851.7915 6292120.245 Sill1020 8312.05921951 4.44825997266 0.709005537086
280340.744 6337283.885 Sill1021 2651.28796815 3.14686341 0.520452260811
281390.771 6336480.39 Sill1022 2164.43996906 2.02328343754 0.114220342403
290252.3265 6329589.445 Sill1023 13648.7566529 5.03477792164 0.854329694902
329611.337 6299274.89 Sill1024 6752.69294983 1.14999796365 0.221136960429
332579.8685 6297110.71 Sill1025 6134.57078577 3.21167535188 0.730484913032
343785.276 6288570.635 Sill1026 2363.24065499 5.77576167803 0.147131778769
357444.863 6278087.18 Sill1027 13636.6916643 4.51394648491 0.417228377411
434468.7025 6219266.08 Sill1028 8050.14850061 1.94120482661 0.760781373789
428699.165 6223663.035 Sill1029 3346.17720006 3.34959272772 0.262426047519
455977.6915 6299659.725 Sill103 9989.788165 4.7259165732 1.36513255605
435657.2015 6218376.52 Sill1030 6198.93168351 4.77013323535 0.429508984675
408241.4815 6239491.495 Sill1031 2945.78272313 0.330824768561 0.0554352428028
333690.645 6296312.275 Sill1032 2805.05670842 1.98950252855 0.444609858141
322495.0675 6304702.52 Sill1033 6279.81791694 5.40861424476 0.852126505297
289976.322 6313672.1 Sill1034 2025.29581589 0.692432380595 0.184891688658
300652.8855 6311530.93 Sill1035 8125.59338937 6.10287220335 0.335753973158
320829.2475 6307807.49 Sill1036 5785.5052144 4.73250568468 1.40846326353
321380.3105 6307719.28 Sill1037 7276.75502617 5.08239142734 1.14499997921
308075.8345 6310089.295 Sill1038 4549.07107581 4.54546056314 0.486549654369
305777.7655 6310513.775 Sill1039 1924.37275308 3.14238670059 0.122539075107
306677.478 6310360.945 Sill1040 8622.73028381 5.24543041038 1.30876489977
307234.49 6310247.47 Sill1041 3236.7429559 4.39780381055 0.219693608464
311117.217 6309525.695 Sill1042 2237.17473226 5.58385061214 0.728324766914
312371.4385 6309296.65 Sill1043 3187.42333347 4.94931818976 0.228654997765
315361.4755 6308758.615 Sill1044 4488.93710504 3.4072029154 0.322425449022
272693.553 6317028.64 Sill1045 5088.54971739 4.49833237728 0.869478962015
285254.4005 6314566.395 Sill1046 10836.8198081 5.81953960431 1.42556844482
294073.3435 6312864.155 Sill1047 1625.30430611 3.84681949888 0.241381113719
296400.7395 6312388.605 Sill1048 3900.78750423 2.65915429606 0.452239195664
299696.096 6311715.77 Sill1049 3426.05028937 2.98862395002 0.875135841341
437659.25 6290328.1 Sill105 4507.59583925 1.43694604382 0.234080545743
349993.14 6302259.885 Sill1050 4904.94183661 2.16668748522 0.254922854304
345687.15 6303121.64 Sill1051 14963.1731698 5.39572233185 0.386624284952
365180.9045 6299032.14 Sill1052 4921.6901386 1.7211929901 0.197278880117
365506.9205 6298996.91 Sill1053 21052.9745899 1.77173982991 0.909060585567
338619.6275 6304499.46 Sill1054 5657.05340155 4.33272922087 0.779790474923
340381.0805 6304137.565 Sill1055 3484.21542834 2.53417218839 0.76082977906
336348.295 6304957.855 Sill1056 5795.6104532 6.19701356582 0.43396479832
341458.709 6303920.49 Sill1057 5158.23428558 7.92242897687 1.09381452468
346637.5485 6302893.86 Sill1058 4326.34457308 4.90839863559 1.65222461986
357706.498 6300707.725 Sill1059 5531.12707682 2.75533431338 0.320056014685
441121.8665 6294319.925 Sill106 7755.09513318 2.88895584051 0.592882752479
402745.8895 6290995.935 Sill1061 5158.02461697 3.37355670782 0.961436909685
417496.1755 6286376.285 Sill1062 14661.626764 4.88923976477 0.965714728833
394824.444 6292895.76 Sill1063 9419.16638836 1.45113816455 0.146941787092
394895.2825 6292899.085 Sill1064 1923.56973497 3.21356792498 0.0732501387305
405608.4955 6290422.685 Sill1065 5727.92592544 2.53812763412 0.120276779235
409706.934 6289727.905 Sill1066 7109.25469074 2.69721674827 0.175873813092
402502.271 6291108.9 Sill1067 8516.43158137 4.34620785725 0.360103442783
384886.8565 6295047.205 Sill1068 5088.07311015 2.94078669856 0.181425478544
379171.659 6294299.345 Sill1069 8602.99236414 3.63084911107 0.680228204849
438714.136 6310925.855 Sill107 11757.3342599 5.19832902236 2.09236798246
378759.1515 6297030.205 Sill1070 4052.1075626 3.38555269241 0.77346843849
376782.977 6296550.1 Sill1071 4249.8036239 4.85931397791 1.89111196498
388477.663 6294736.465 Sill1072 10373.9775298 6.01708403054 1.24100108519
394413.3335 6293018.635 Sill1073 2514.23142218 4.12269138927 0.129375183299
402561.8555 6291025.055 Sill1074 3903.4967081 1.64039591031 0.103749404969
400288.96 6291565.545 Sill1075 2762.2875655 2.66877278059 0.169732179754
275756.553 6316407.32 Sill1076 4312.7603817 8.07866750759 1.55837584414
294557.1645 6312765.23 Sill1077 2562.95237027 3.83200297984 1.51381524093
323710.2025 6307308.34 Sill1078 6328.07367865 2.98130305316 0.440951927628
333532.2975 6305527.66 Sill1079 2475.53515782 2.93951953052 0.141169173868
427017.4255 6286580.14 Sill1080 4286.57092224 2.98052833503 0.602260445175
424683.7415 6287082.385 Sill1081 2566.59611986 2.00831520618 0.175294072322
431731.6035 6285557.47 Sill1082 4407.95561495 1.35792297466 0.391232463938
433263.711 6285242.35 Sill1083 4501.14921198 2.96103436432 0.759621576529
449329.58 6283061.23 Sill1084 5434.77167393 3.86747563523 0.826676784199
423176.558 6287394.515 Sill1085 3090.16835983 1.29143896549 0.209622350556
427433.685 6286490.475 Sill1086 3434.95950286 0.51462881636 0.374403135058
436177.671 6284682.19 Sill1087 3731.19271455 1.39155973941 0.349810351086
429533.6255 6286039.09 Sill1088 9033.202425 1.33107752252 0.287442301852
417361.482 6288535.81 Sill1089 2708.89446739 1.25449207648 0.616859992604
446542.229 6314509.305 Sill109 9213.7452716 4.29395213189 0.349917115015
416974.281 6288605.655 Sill1090 1722.5149857 0.900526723081 0.44271729273
263415.095 6318887.385 Sill1091 2036.91531233 1.72864721548 0.149351088736
462828.3175 6279769.385 Sill1092 4323.02654835 4.96553752034 1.90245682841
258817.2975 6296961.81 Sill1094 4990.21552735 3.80598819025 1.10641416043
278739.4825 6311271.495 Sill1095 5273.67999989 6.17924797305 1.53331503406
296348.0525 6324183.405 Sill1096 7655.96777877 5.46471171085 0.631019441656
396725.1815 6414714.83 Sill1099 7753.32367102 1.85504416092 0.40818278475
311599.233 6277701.38 Sill1100 9138.60577035 8.15064739535 1.00531974107
320586.693 6282696.51 Sill1101 4900.91523294 5.3471896288 0.974629977488
333333.2355 6289744.65 Sill1102 9947.6867036 5.55660462237 0.24010642
337185.231 6240415.585 Sill1103 8807.71375029 6.42962883863 1.47841526389
328520.7425 6228655.93 Sill1104 6805.9679448 4.80162585623 1.78307813732
324294.1215 6222980.495 Sill1105 6621.7822089 3.65767695954 0.348765065284
358161.619 6268718.955 Sill1106 7734.58520001 2.26810954096 0.295139448781
370484.835 6285127.46 Sill1107 6741.37075344 2.76890912714 0.375696290656
450470.9 6272990.115 Sill1108 4237.57768175 1.35040257872 0.334405772768
445243.9 6239942.435 Sill1109 16701.5444262 1.91141378774 0.553635757797
450347.95 6226167.0 Sill1110 6444.02481761 2.5610765278 0.521889622688
450280.9 6211375.305 Sill1111 11307.2339741 2.96218900563 1.23876614636
450310.1 6231415.05 Sill1112 4822.63328172 1.37359442692 0.705101825755
451257.305 6222555.465 Sill1113 4881.80131821 3.03507992954 0.221091600431
450561.15 6302750.75 Sill1114 3098.33901631 4.8085674944 0.29298650383
452735.8545 6289336.335 Sill1115 16488.3216233 4.83245460995 0.398040160101
450593.9 6371595.75 Sill1116 5377.33136881 1.12253922277 0.495482258675
450169.5195 6359744.38 Sill1117 9473.96636439 1.28738895933 0.390208106855
450614.3165 6373095.015 Sill1118 3907.84939183 0.943436651229 0.211798882918
450812.05 6394070.5 Sill1119 4161.20611001 1.18528034075 0.231934666202
450878.8 6427006.765 Sill1120 2941.11808619 0.990657636123 0.319915412455
451770.7705 6439237.5 Sill1121 5274.87927303 1.24308294623 0.623120670564
450323.2 6216789.365 Sill1122 5568.133112 3.0582111078 0.525073831115
451498.1475 6219592.635 Sill1123 6351.75687207 2.493373871 0.634714670303
450330.4 6218151.115 Sill1124 6630.97862709 3.76314514603 0.583783002335
450481.7 6282580.685 Sill1125 9083.91223763 1.93695677125 0.238794363947
450604.7335 6367137.665 Sill1126 4754.64134351 1.62935066946 0.399021941688
441196.3435 6220694.45 Sill1128 6262.12541431 2.2033908907 0.652142315268
456773.084 6222006.28 Sill1129 3680.35721272 3.86818288206 0.746739262852
455917.1395 6239500.46 Sill1130 6413.76936099 1.54642920134 0.384081467327
456005.009 6239507.24 Sill1131 8549.6956624 3.01796208335 0.652964280141
449031.728 6239513.59 Sill1132 6797.2581715 1.56493210459 0.196479637889
444036.909 6239625.95 Sill1133 8498.56349347 1.89723808663 0.893768065936
444055.5885 6239538.85 Sill1134 2874.71973019 0.963748983084 0.0993264892409
467892.2165 6249286.335 Sill1135 9824.54451606 4.4377070799 1.44274589446
463618.0 6249326.765 Sill1136 6972.19959904 6.87586591009 0.789211284698
459271.5665 6249347.7 Sill1137 9769.87962866 3.46063108229 0.799499390314
463473.1665 6249317.3 Sill1138 4490.62427256 6.29303855644 0.583492356286
359243.461 6409394.795 Sill1139 2672.60428555 1.74339167715 0.374555280918
368485.3505 6402305.92 Sill1142 2274.49876853 0.561208475985 0.186382968814
422688.608 6360322.36 Sill1144 8948.85016831 2.00282446035 0.56480611352
450311.25 6215830.825 Sill1147 5516.30944133 4.30583675794 0.615793190972
475825.4 6285141.575 Sill1148 8616.29729734 5.73199786278 0.670071185759
419927.085 6362901.275 Sill1149 4898.89289705 3.64281426021 1.22296253756
424924.8375 6359095.765 Sill1150 3111.73871535 2.77457235822 0.692857748655
427556.461 6357094.74 Sill1151 2875.4445432 3.08980714809 1.08634651691
446343.411 6342877.99 Sill1152 10802.2724769 4.09307331183 0.872031835095
451956.0845 6338850.695 Sill1153 2163.50754766 4.26026677406 0.831235748943
431261.1965 6354248.595 Sill1154 7968.42127123 3.40296948428 0.898642975561
431337.4585 6353554.04 Sill1155 7579.8147245 2.49062842686 0.510471550432
464420.6755 6329438.475 Sill1156 13598.7954543 5.18234857454 4.58058751501
489179.3955 6297853.97 Sill1157 7058.74814055 3.46899528515 1.04268669216
439814.0915 6334042.4 Sill1158 12205.5917341 3.96109992776 1.43664225543
429693.1485 6341339.06 Sill1159 4824.43164137 2.13087105275 0.374336619639
429528.764 6341463.38 Sill1160 5086.66893324 4.83448875523 1.26531472921
426366.1975 6346431.975 Sill1161 9444.34073575 3.17066733094 1.35062444228
420261.6205 6348442.19 Sill1162 6954.36388661 3.02478400008 0.242981016041
413719.2635 6353243.255 Sill1163 3950.63066848 1.7421152774 1.11477616217
408352.6395 6357533.885 Sill1164 8579.17744077 2.99404011349 1.12769504018
434281.3365 6337989.18 Sill1165 8787.04677618 4.6739320873 0.717526545135
444107.6755 6324270.7 Sill1166 6896.99789595 5.04545231289 1.5047342613
482891.265 6297303.15 Sill1167 5332.25447943 1.30853640045 0.727871708922
479356.851 6299778.93 Sill1168 2549.23021104 4.43480525279 0.362409083059
469550.0755 6306942.17 Sill1169 3809.3984396 4.30602463463 0.40812544743
450411.64 6320152.7 Sill1170 8012.92685453 5.13959911043 1.29090063989
421837.214 6340178.65 Sill1171 11755.7991718 3.16077598536 0.743781607476
400586.6295 6355723.045 Sill1172 4287.58192178 1.38423199816 0.301840675877
424285.3055 6339675.72 Sill1173 10601.111679 2.12153928575 0.684544613858
431471.775 6384684.725 Sill1174 5400.8343448 4.95093856857 0.910644968005
438779.105 6394352.11 Sill1175 8486.23526053 4.45704100962 0.620074046513
432569.931 6386126.875 Sill1176 5100.04001755 1.97232682124 0.499054701194
436738.3705 6391641.005 Sill1177 6949.7259337 1.73038698398 0.450283210393
421428.1945 6379025.63 Sill1178 16056.0835395 2.86977386831 1.61836344791
428551.151 6376569.525 Sill1179 8048.32295143 2.14038548966 0.677977490304
406478.8375 6351794.82 Sill1180 7238.99546668 1.57138720172 0.528069165265
423696.6765 6368642.11 Sill1181 13521.0504704 3.75694549025 0.501463379209
417095.229 6365768.54 Sill1182 5762.22416583 2.6863268583 0.664211693634
443387.6765 6400621.795 Sill1183 12175.1749598 2.14438605832 0.623280156638
408227.0105 6335954.81 Sill1185 7818.16923585 2.30490054691 0.55394575272
382974.8325 6301967.63 Sill1186 3321.45851846 1.26321266883 0.0678158685255
385525.2155 6305457.61 Sill1187 3590.33439159 0.925351431763 0.160894812904
411822.582 6323642.475 Sill1188 2082.1202988 1.60520303592 0.0972995915085
412603.6495 6324616.045 Sill1189 4503.07967852 2.95808634623 0.283126474177
433102.1375 6307615.52 Sill1190 10991.0800383 4.84698879081 1.63674556465
449717.831 6333416.015 Sill1192 4047.87950845 4.04973655822 0.62273644961
436336.506 6296124.915 Sill1193 11982.7701639 1.34506652656 0.373132942285
413329.5735 6305077.185 Sill1194 5362.95316958 3.2374712957 0.485635800059
418815.2435 6302890.4 Sill1195 3269.18961384 3.00465089049 0.509817902381
419410.0905 6302670.77 Sill1196 8867.97684411 3.70770767893 0.417883496564
480859.299 6278821.74 Sill1197 1632.70540458 1.94019390444 0.155246561045
496134.411 6272563.23 Sill1198 2109.04047523 0.929396036339 0.159623732639
434041.9015 6296990.115 Sill1199 5925.91243406 3.46590611304 0.387813191964
436012.7425 6296237.945 Sill1200 7414.46888367 3.1423865522 0.523252026673
429048.749 6298891.355 Sill1201 2931.00228484 3.43143517229 0.253017932366
424529.1715 6300655.7 Sill1202 8825.97175588 2.50514665587 0.407679720474
387927.219 6316107.135 Sill1203 4874.94937274 3.70982858359 1.0212874641
368546.154 6323832.965 Sill1204 3109.77420389 1.12248775964 0.134298281671
421569.736 6283818.49 Sill1205 7895.49727838 2.21723887974 0.172686764895
423430.8615 6282546.29 Sill1206 4087.26346462 1.59344423304 0.180746697543
423722.2405 6282342.605 Sill1207 2075.37478546 0.791041099235 0.166650033532
423756.159 6282334.46 Sill1208 5237.90439037 2.77622470281 0.396177031059
402582.745 6296967.755 Sill1209 8135.54243648 4.27607818632 0.70385072589
399321.419 6299183.245 Sill1210 3449.74277141 5.35096592921 0.599428319387
391246.569 6304521.275 Sill1211 2962.43175056 4.40529036232 0.371395666151
405020.5485 6295319.125 Sill1222 4522.66546055 4.66677514174 0.270185560081
399688.2865 6298933.285 Sill1223 8486.66410146 6.19839367497 0.616729221759
391932.5545 6304074.51 Sill1226 5724.47183606 0.8734217497 0.244642456702
409266.0965 6292299.845 Sill1229 625.178552022 1.47448797946 0.0414258976373
411032.9765 6291072.38 Sill1230 800.536776171 1.11633148044 0.0793593243717
465422.687 6267644.605 Sill1231 12713.6429227 3.61483790023 1.17237229065
466790.5635 6266766.71 Sill1232 8138.9236382 5.06086790822 0.842846119911
451893.1255 6276586.655 Sill1233 4872.43353826 3.51177929878 0.289188717148
451648.1165 6276748.485 Sill1234 4759.74339196 1.05556032108 0.35129754912
434818.4415 6288335.13 Sill1235 4755.0605584 3.1643145351 1.50065535691
444409.6145 6281876.975 Sill1236 2577.29349597 1.97155329821 0.442704474597
446550.6775 6280225.32 Sill1237 4240.22923133 1.10428474963 0.498490538213
448640.618 6278710.34 Sill1238 2371.93404791 1.99766161299 0.153145197824
432569.701 6289764.12 Sill1239 5203.09050754 2.37261059369 0.811451209746
419006.948 6298318.895 Sill1240 2545.39199062 1.66929202278 0.148889679486
426959.6915 6293296.8 Sill1241 11956.569462 3.4216680597 0.831529300105
431207.15 6290628.44 Sill1242 4176.15412483 4.22021391653 0.888040127234
412686.1035 6302573.94 Sill1243 6837.79133612 3.7705247675 0.640034616791
397833.124 6312631.25 Sill1244 3629.41997973 1.50463278119 0.109904218901
415462.959 6300711.485 Sill1245 2831.10804692 1.86119809929 0.285215759287
410799.3065 6303844.51 Sill1246 7930.27343777 2.98327176918 0.152033385931
399840.723 6311255.1 Sill1247 5893.30976159 5.50624155643 0.359767110387
418249.3595 6298827.215 Sill1248 3796.48699457 2.93104629785 0.638537483074
434924.9745 6288269.66 Sill1249 3278.65690581 4.26322167704 0.434784885403
441929.833 6283645.445 Sill1250 4474.8045219 1.34094422928 0.196087977368
471710.033 6263408.455 Sill1251 7599.17293478 5.15791684505 1.47954654989
443056.2235 6282810.09 Sill1252 4854.09067511 2.3893204447 0.500760967152
486636.4165 6286071.505 Sill1254 3925.04476382 4.41614479763 0.552996989905
477371.556 6292716.575 Sill1255 3226.20124459 2.54311700837 0.402211214703
473719.487 6295382.875 Sill1256 1489.38266641 2.08315904097 0.280009085163
268081.8995 6468959.77 Sill1257 9580.89293531 1.05687609947 0.776805425816
441885.3565 6364869.08 Sill1260 8910.5225532 1.1695239825 0.961230338582
441298.819 6366150.94 Sill1261 15588.0040132 2.92048544579 1.19724664886
444330.15 6376476.78 Sill1262 3696.1901101 3.17704664181 0.389236383938
444361.881 6384951.155 Sill1263 8812.51450123 2.993946365 0.962518388524
444919.157 6381674.17 Sill1264 6139.42420002 3.03153310408 0.710851817917
444423.3665 6395752.315 Sill1265 5732.19101948 2.33946328144 0.357481318165
444463.1445 6399447.175 Sill1266 7061.28251464 1.90412983712 0.275713363809
444683.2505 6422748.49 Sill1267 6723.82020103 2.17544451216 1.09094952868
444396.55 6389283.375 Sill1268 3456.42308355 2.6496239254 0.193451405487
446680.426 6413472.255 Sill1269 13147.2719279 1.39393661153 0.916059396975
444587.0255 6406089.805 Sill1271 4632.04943015 1.06835868713 0.128603970119
284454.1595 6451013.725 Sill1272 4815.71043634 6.11254342 1.74267611491
278463.8675 6442811.685 Sill1273 7421.20305638 1.35135035411 0.303138104717
281481.996 6447044.39 Sill1274 3751.46448211 1.91922182271 0.623687988899
290347.157 6458808.85 Sill1275 1949.44332567 2.75625609092 0.676837455223
488645.4 6306070.12 Sill1276 5556.88518233 2.41083062951 0.802073994423
389927.0095 6522282.91 Sill1277 8708.67753156 2.91629033045 0.433633894079
372918.7805 6266357.205 Sill1278 7016.76679657 2.56610097538 0.813291205863
349289.206 6284241.655 Sill1279 3755.51939422 5.29761531653 0.312510751791
397653.708 6340804.495 Sill1289 4250.10762491 1.16989109524 0.466008955981
401641.2495 6337859.58 Sill1290 3388.76357361 2.26160695086 0.456133280022
402944.601 6336898.455 Sill1291 3951.8099386 0.825385976791 0.248173731465
402864.6925 6336958.715 Sill1292 3226.43897728 3.31388532748 0.566780941275
400845.036 6338444.345 Sill1293 2163.14466326 2.0394145539 0.5071813201
405147.0915 6335281.4 Sill1294 4939.62470322 0.740722478617 0.254177845603
407584.718 6333533.075 Sill1295 6762.10283161 2.67412615428 0.503232154915
398906.0375 6339880.205 Sill1296 5838.17517424 1.58380511199 0.689682896712
439099.5295 6310694.91 Sill1297 5476.32629873 3.35794193151 0.960054565734
395159.3245 6342645.12 Sill1298 1949.86654142 1.13478506911 0.23927875923
407240.269 6333759.535 Sill1299 4087.54311187 0.823812019465 0.547464197131
453108.36 6299398.6 Sill1300 7923.70982919 7.17917929839 2.53232725189
441746.2945 6365842.34 Sill1302 7225.56655972 0.77359278807 0.357176079134
427994.3565 6376191.445 Sill1303 13149.167134 1.97507872483 1.14572961016
419330.3945 6382721.335 Sill1304 8924.10182128 1.05682081326 0.809331524688
408861.7785 6390637.38 Sill1305 6126.51240812 1.8020370304 0.499963083489
411790.907 6388417.88 Sill1306 8074.79251402 1.59995103154 0.31319114971
375435.818 6416136.91 Sill1308 4674.76133376 0.446971811537 0.227628355169
380318.384 6412448.73 Sill1309 2612.91306749 2.90092005126 0.174918344225
383113.5315 6410290.205 Sill1311 5650.49679677 1.71604046787 0.571004939928
404068.079 6394288.86 Sill1312 2924.62623665 1.98383862666 0.550339203656
409351.8595 6390259.05 Sill1313 3238.17104237 2.56195788102 0.728144431036
419306.6355 6382741.89 Sill1314 5611.608138 2.26119485431 0.271030043326
422172.6095 6380584.695 Sill1315 1787.62210809 1.6766187746 0.91453004417
386621.668 6407582.215 Sill1318 3613.04363563 0.879177304199 0.704591825209
402309.4195 6395609.595 Sill1320 3398.83001195 2.13185286059 0.641944722675
391492.365 6403845.68 Sill1322 1612.87429417 1.73798655939 0.253292208453
391986.3395 6403462.28 Sill1323 3888.7186214 1.81929611045 0.658284621302
411413.1885 6388695.03 Sill1325 2737.05028099 1.03559451131 0.0649165028196
472077.8665 6298836.06 Sill1326 9832.37349922 7.44003060979 1.78798439059
454858.502 6270319.525 Sill1327 6052.26239988 4.73043930571 0.759218749928
462045.893 6281764.63 Sill1328 5872.2158564 4.75610091538 0.425034951091
454360.2895 6269509.195 Sill1329 3925.2343554 2.55102873391 0.602325026201
467902.904 6291023.68 Sill1330 4862.77951172 8.50221842619 0.415654279459
468378.4685 6291772.84 Sill1331 3438.03517004 4.09413021769 0.144532596334
471774.2155 6297698.59 Sill1332 3870.55437763 5.74187052117 0.398544382985
416870.325 6440194.845 Sill1333 6850.72449044 2.81857653203 0.766351172269
411667.343 6443960.05 Sill1334 6976.49456351 1.07840057732 0.411272252446
432095.063 6427597.715 Sill1335 3739.78955704 0.9514470405 0.839997698264
421128.0715 6436788.43 Sill1336 7457.04664776 1.33726646745 0.204323259294
609857.3855 6607370.9 Sill1338 5457.47611404 6.84850962803 0.626255084351
418842.623 6438656.005 Sill1339 5286.0550447 3.6105845498 0.461914547711
403025.6325 6450179.06 Sill1341 12055.7451796 1.63241842413 0.317845541283
404210.3485 6449271.73 Sill1342 6348.07237353 1.31611924928 0.357219313782
399103.37 6453171.895 Sill1343 3829.38354215 2.35308858679 0.238613357708
424776.9325 6433756.575 Sill1344 2878.56921121 0.608393239272 0.394929958669
633939.4885 6577986.28 Sill1346 1937.40630744 1.3946122768 0.0790600196255
680167.088 6642863.965 Sill1347 3453.89574686 1.8441562987 0.341865157935
590945.346 6584174.335 Sill1348 3035.93070448 6.42462144106 0.708861545953
429979.485 6349019.79 Sill1349 7928.1367353 3.27307964064 0.536921348047
425005.9625 6342029.36 Sill1350 7407.82084372 4.52354844012 0.754009775322
421927.148 6400198.25 Sill1351 6141.14294281 2.67404517033 0.946837010256
427577.627 6395810.09 Sill1352 3764.49021113 3.16387545117 0.402101039247
429357.092 6394431.515 Sill1353 2062.9858722 3.49341346957 0.734632676593
439202.816 6386800.835 Sill1354 6473.98289452 3.0338403192 0.500231606791
430416.5495 6393614.56 Sill1355 4138.4746634 2.30268882593 0.840079152541
425797.716 6397188.44 Sill1356 3414.92690001 1.19325598764 0.400759473544
424157.5055 6398451.845 Sill1357 2001.66138402 1.13374354296 0.69513269775
366374.206 6444334.645 Sill1358 1849.12654951 1.20422578618 0.590043187119
378920.1715 6434594.195 Sill1362 3649.98241313 2.93582966126 0.391916815012
370017.4075 6441367.76 Sill1363 6024.1647912 1.05903068915 0.357065562659
383637.65 6431010.81 Sill1364 2675.05651365 0.700182886784 0.402927343104
408272.1885 6411231.06 Sill1365 2399.60828887 0.679129210917 0.377733964834
403293.8605 6415208.525 Sill1366 3650.24766035 2.10618381493 0.349399510566
380909.555 6433111.63 Sill1369 2212.00452362 1.36971239492 0.0427872838072
394891.854 6421905.675 Sill1373 3138.52525702 1.83297367219 0.81308140637
399638.4125 6418082.895 Sill1374 2675.10298565 1.95726095291 0.381917597829
398796.544 6418761.5 Sill1375 5937.85716967 1.0032406245 0.269306939141
379352.736 6434275.09 Sill1376 3499.75569945 4.17102839589 0.495921419632
381991.7845 6432284.24 Sill1377 3311.88856538 0.850613605433 0.320154560476
391977.9845 6424258.86 Sill1378 3376.87376101 1.09853653087 0.50634215255
397920.336 6419467.22 Sill1379 3312.68607665 0.41871965487 0.32069336985
399783.239 6417963.845 Sill1380 975.024305479 1.07823890346 0.233397987694
412169.03 6408030.32 Sill1381 5985.70445854 1.21035933255 0.418773715821
447724.815 6380086.805 Sill1382 2899.68526609 1.99844151767 0.558258240633
372771.324 6439188.08 Sill1383 3550.52291114 2.75720232122 0.326598474797
402541.8595 6415788.98 Sill1384 2475.49754083 1.14799222724 0.647388677095
406330.7355 6412794.17 Sill1385 5334.40804782 1.26768760165 0.213605671059
411142.234 6408884.76 Sill1386 2113.78292425 0.296024901841 0.138572916407
440776.0665 6385587.445 Sill1387 3650.30868454 1.16588994923 0.0694975901877
412466.127 6407790.92 Sill1388 4972.96621598 2.06659711438 0.519694432152
458955.583 6307742.56 Sill1389 3148.48516101 7.62856938928 0.263949174136
463870.9645 6315071.545 Sill1390 5876.00791429 4.80782035579 0.86297954325
422495.1475 6292589.36 Sill1393 6527.74293548 1.1752912161 0.0852379070084
400887.5625 6346634.595 Sill1394 2649.84945193 1.51405558169 0.445155447206
405693.6455 6343268.11 Sill1395 3506.09490925 1.6695192229 0.306781329913
409145.8635 6340897.07 Sill1396 3292.43417989 3.34113605165 0.546890357219
446967.756 6314211.665 Sill1397 6600.67073646 5.67800929075 1.21256721273
432033.474 6324588.075 Sill1398 3922.43207513 3.47756580359 1.10916703064
413511.778 6376965.68 Sill1399 2661.23728276 1.62767946314 0.730115382978
433806.0835 6361636.765 Sill1400 9489.56551521 3.55615926864 1.6200041702
441333.7025 6356127.705 Sill1401 5438.77279778 3.24701919389 0.424999255982
441798.1505 6355798.07 Sill1402 2400.78055464 3.21929563277 0.697743473544
456510.3645 6344985.44 Sill1403 4263.91727007 3.5029033398 0.976835447395
455667.0135 6345600.74 Sill1404 2176.01873067 4.01668421306 0.576846250581
453732.8735 6346983.625 Sill1405 3279.84424127 2.67599544041 0.426552695773
440953.4535 6356411.985 Sill1406 4339.22358335 4.05917410986 1.04296391202
444262.123 6353931.705 Sill1407 6231.95873196 2.00974182632 0.291991281201
615434.832 6564332.48 Sill1409 5923.76595285 1.14735766646 0.348796395201
473866.729 6309577.19 Sill1411 2263.73221225 1.3554165018 0.207091443736
439840.1235 6333976.575 Sill1412 4499.99572141 5.24642461521 0.284651794639
483450.5875 6302848.085 Sill1413 1188.12745225 3.99420743664 0.150466616115
279058.462 6448042.635 Sill1414 2812.94493707 0.421513208329 0.215253710321
378315.2435 6320073.395 Sill1415 1822.01733491 2.15441526542 0.0909106984695
375191.981 6321287.485 Sill1417 3133.37776508 1.23141135251 0.251258512504
377680.875 6320318.36 Sill1420 1784.3318278 0.926917208862 0.225742497819
443045.5045 6293588.575 Sill1421 5964.37022673 3.87289239134 0.760815792794
386820.538 6289655.48 Sill1424 6105.03486072 4.80571365445 0.865266254809
412529.9545 6302691.6 Sill1426 5599.21581045 1.30720433808 0.232724337519
333844.494 6290010.56 Sill1427 7221.93396262 4.25122000418 0.183724039501
345062.6815 6296471.87 Sill1428 2800.4078848 4.82741751625 0.644742999479
458382.3035 6222113.08 Sill19 9564.91481073 2.54788297828 2.23212499871
441180.624 6221300.86 Sill210 3043.05605736 2.20251525614 0.290559480976
452919.5855 6220039.6 Sill212 10192.5038828 2.65916413268 1.19253456267
461477.8565 6222263.045 Sill215 3296.61653664 4.29791559589 0.223244132988
444301.298 6213086.375 Sill23 11076.8199343 4.64294886437 1.52044079043
459786.9245 6297680.81 Sill231 12262.2871485 5.00268482542 1.79142301371
460739.9785 6330042.855 Sill232 22803.0880064 3.18598173342 0.656782324078
442639.342 6325896.895 Sill239 25924.9521085 3.66742974887 1.03992011541
459163.042 6314411.085 Sill240 5055.31795778 6.2080373881 0.895885619612
300300.5185 6628535.0 Sill245 2937.19977221 2.27963115583 0.297712806505
305560.002 6601569.935 Sill246 10794.6984643 5.36046162032 1.43489725194
307563.0935 6628346.91 Sill248 3156.33206653 4.80196836479 0.663654456582
309773.7105 6631387.605 Sill249 7017.90754498 0.849760081275 0.693530636572
254100.165 6523674.98 Sill250 2237.19345697 2.46680704267 0.410950991136
258445.3335 6538592.335 Sill251 9119.45352506 2.69800720303 0.950836277786
265497.0175 6585993.075 Sill253 4564.4057193 2.8364457537 0.636633828501
273124.712 6529083.46 Sill255 3975.2037675 1.48392671239 0.90010789797
277314.8745 6525900.49 Sill258 5949.17050668 1.81338684977 0.476434921475
275275.851 6527472.15 Sill259 3249.47144668 2.15769984775 0.327676126544
278995.9695 6486502.82 Sill261 4037.52899989 1.26827047224 0.498493862605
291842.4325 6476247.935 Sill262 11887.0219111 3.78333882829 0.520251336337
288717.9515 6478745.505 Sill264 6461.96023129 1.44207229364 0.445857497161
296980.632 6472145.865 Sill265 4587.43761824 3.76972663366 0.742390552326
302645.7715 6467573.86 Sill266 4497.30233237 4.66619804616 0.33128034899
300789.4245 6469074.46 Sill267 7423.54265703 2.13960225572 1.34397248372
249984.9075 6509457.24 Sill268 5474.98494058 2.66355123177 0.321755618545
289760.47 6442238.89 Sill270 2849.4043473 1.71959917062 0.827785300262
288740.9845 6443077.255 Sill272 6412.497891 4.52343815893 1.10692901318
288589.717 6443146.01 Sill273 3887.32098906 1.59250975173 0.511224599144
287727.3685 6443839.495 Sill274 3100.79938116 2.72578237417 0.916662399554
284842.496 6446126.05 Sill275 4561.9176686 1.59318802316 1.13101324915
276955.681 6452283.705 Sill276 2449.9036839 1.04879336611 0.912467227455
270840.8805 6457215.655 Sill279 9087.06405216 4.26657621802 2.13764648403
271527.9305 6456673.94 Sill280 5212.39333669 3.51025643672 1.28932262425
273035.589 6455457.105 Sill282 1712.47799211 1.81635391743 0.51719759793
273826.804 6454815.385 Sill283 749.987908236 0.341310549953 0.198341762648
250430.1645 6473283.405 Sill286 2587.35198177 1.13195581055 0.213848689737
250475.4185 6473249.87 Sill290 3824.86316994 1.52056470919 0.961346951626
246017.9855 6476782.315 Sill291 4650.28218781 2.22811959744 0.381176416623
275021.5625 6453847.78 Sill292 2424.89211053 1.27490619723 0.329950911351
275031.2535 6453839.88 Sill293 749.964575676 2.07323730682 0.102811708816
281891.8 6448419.625 Sill294 3562.79878428 1.01833380297 0.176124317187
273308.275 6427359.86 Sill295 5177.24926481 1.61315170073 0.461699552075
276139.89 6425178.285 Sill298 3801.22185299 1.92094999486 0.253894711738
291875.1545 6413021.795 Sill301 4522.51910162 1.54918295095 0.269777396532
289257.921 6415049.19 Sill302 5050.35259779 2.73505809363 0.723388863418
298494.139 6407893.215 Sill303 3002.40023404 2.44907658613 0.0839221656368
295234.895 6410421.48 Sill304 5499.60269874 2.45750071959 0.488169326659
317981.056 6392805.825 Sill305 8561.23166306 1.58414868856 0.204116077086
310167.1245 6398865.015 Sill306 10289.2563203 1.93850587422 0.792402712175
295388.383 6410302.27 Sill307 5912.31605442 2.70766394945 1.30091171499
300936.819 6406003.395 Sill309 5351.056149 3.3174606011 1.0293150097
287722.3125 6416220.845 Sill311 4935.51626328 2.02734319848 0.394534714797
280912.7155 6421502.61 Sill312 10675.8661114 2.22949426629 0.585047762381
280718.4615 6421637.52 Sill313 9073.98435089 2.76657468137 1.10271608713
306171.3465 6401962.38 Sill314 1200.06934787 1.08741596444 0.952271761603
334195.35 6380243.925 Sill317 5535.53905507 0.486416202864 0.225646969158
264484.0975 6434225.525 Sill319 1848.90794095 1.10030866731 0.104194887929
324751.5475 6387551.785 Sill320 7652.85596406 1.63381150196 0.796723754343
328086.6665 6384963.27 Sill322 2311.22352025 1.2099325924 0.458588698351
473617.2155 6272307.46 Sill324 6615.6525442 7.30588568357 2.11489283191
463547.7695 6281362.355 Sill325 7738.10799544 3.26397609323 1.0953429033
459293.9265 6283329.83 Sill326 3025.35147274 2.2688054388 0.978454466548
441291.254 6297321.36 Sill327 10100.2742506 4.32686648652 0.789538599245
429813.984 6305728.345 Sill328 8541.94252737 3.23712082733 0.36853809297
439822.667 6300670.385 Sill329 15287.7269667 3.7806590116 0.780573981443
448879.6895 6291441.955 Sill330 9026.7334782 4.79250962336 0.933375046378
427357.837 6306791.03 Sill331 16782.4454816 4.74409499331 1.21209880004
401334.8965 6328253.655 Sill332 3908.66970858 2.16036442943 0.440871690179
409106.2235 6323248.51 Sill333 8911.44427803 3.19683627347 0.848676097999
403772.9355 6326371.27 Sill334 4624.2611641 2.00154609629 0.690384270861
413173.7135 6319098.215 Sill336 7372.29683825 3.66043911403 0.908880864715
422049.42 6312228.68 Sill337 10249.1968979 4.09217169593 1.15328968886
394636.1385 6333446.62 Sill338 6137.1709981 1.1504668367 0.421671241645
397524.903 6331203.92 Sill339 6176.09816484 1.55731187866 0.616900707026
298533.7305 6393498.45 Sill340 11453.2586874 1.90661127835 0.732962221538
299195.4615 6392935.54 Sill341 3324.21356556 1.47374165834 0.169668373952
289812.5165 6400017.68 Sill343 3033.73575356 5.40820922807 1.10204989296
281535.333 6407929.18 Sill345 7993.60223394 2.9452436685 1.04936014118
284341.865 6404227.85 Sill347 5544.12625306 2.65984175892 0.785550139802
281179.031 6406846.225 Sill352 4151.25357928 0.802892887151 0.102029831407
281207.4055 6406809.855 Sill353 2302.48307417 0.147307060629 0.129006030547
305108.7085 6478849.62 Sill354 7122.06821785 1.40649598115 0.565069699775
304972.825 6478647.57 Sill356 5785.32267965 2.31020109659 0.868392293758
300033.1175 6471982.84 Sill357 8381.65987064 1.94819927349 0.457426287135
272188.7305 6433845.885 Sill358 2839.08852744 1.14019302295 0.587435048377
273613.0765 6435800.34 Sill359 2298.12587596 2.20879431141 0.567330803529
275494.592 6438542.235 Sill360 4328.03861662 2.69875701685 0.73018933164
278783.733 6443288.165 Sill361 5623.61384448 1.29016223826 0.613841709382
281965.0475 6447713.575 Sill363 1650.62462002 1.01980187545 0.108044154606
285519.6285 6452411.395 Sill364 7805.32837439 0.930049444111 0.239358717197
291139.952 6459901.165 Sill365 4024.01473658 1.83564428275 0.401893219482
277546.193 6481593.79 Sill366 2337.58931659 0.938027381549 0.279019712404
276043.4155 6479652.685 Sill367 2247.2804035 2.07380983621 0.203379205464
282092.632 6487724.23 Sill368 3176.16770943 1.02215515337 0.321044145403
258354.213 6455741.495 Sill373 4823.30538055 2.00287559789 0.175916875784
256740.8835 6453600.855 Sill378 2762.23133563 1.91696884024 0.390099297581
261344.48 6459683.93 Sill379 2948.9339545 1.74532090496 0.623229452931
281369.721 6486726.48 Sill381 2764.04598852 1.67315743395 0.248699058146
247545.26 6477975.66 Sill382 5749.67152692 2.41464541855 0.525289159118
244874.218 6473996.175 Sill384 4588.92833371 0.93029113749 0.2254621818
250284.066 6481393.495 Sill385 1187.49256542 2.48348116395 0.227792980656
249974.584 6480977.18 Sill386 3350.21205282 2.65288325766 1.1076078761
258894.5365 6492724.115 Sill387 1063.91778185 0.689168789589 0.305255600497
260792.8825 6495186.53 Sill388 1500.93197618 0.922904135448 0.272989116874
259847.135 6493949.14 Sill389 1313.71444268 0.497730529962 0.120494310106
275904.843 6516034.245 Sill390 3062.34198572 2.60382322369 0.409673613005
278538.8755 6537677.71 Sill391 5438.05248957 1.79352545167 0.464143674537
273778.3775 6535286.68 Sill393 3640.58984119 1.34958946484 0.297171446802
278182.4765 6537510.83 Sill394 3575.5417494 1.11338254067 0.20135909899
280905.727 6538841.985 Sill395 2211.88565831 1.15392300677 0.109482508427
407480.391 6601140.525 Sill396 7838.09584706 4.22937295754 0.602485874261
411941.8705 6603313.93 Sill398 5911.9593329 1.06171148726 0.460414115168
406128.3125 6600476.85 Sill399 3900.86622344 1.58935904267 0.398325495021
407171.225 6600990.315 Sill400 6350.76046219 0.802491854377 0.659507867032
610601.109 6606775.93 Sill401 7387.17727205 4.66027268737 1.34942990979
586568.543 6625214.87 Sill402 14233.4319017 9.01257804379 1.07344161184
590206.3565 6622252.085 Sill403 9023.98040241 7.73604445354 1.3759338176
610097.7855 6607179.87 Sill404 6171.59139078 2.49346941527 0.707440455551
615336.8695 6603043.695 Sill405 5023.19738463 3.07803303386 1.61121910742
596261.5115 6617435.155 Sill406 4579.46511233 3.83678065101 0.358967919568
600734.2405 6606101.855 Sill408 6731.97157121 5.87110441687 0.779293888883
594343.949 6611114.455 Sill409 2856.58997739 3.02202725239 0.201854793784
603844.68 6603663.195 Sill410 5761.08659619 4.55022043715 0.338853830192
589327.3595 6614943.76 Sill411 3198.96804461 2.83901032355 0.317058685321
593349.655 6572682.28 Sill413 3532.49380593 1.30507839399 0.322333854456
592502.939 6573273.765 Sill414 4096.43705553 1.67901384982 0.180704510143
594000.3925 6582047.34 Sill415 4059.4690813 3.20746888311 0.544981244267
594642.606 6581603.29 Sill416 1198.944246 1.90179378402 0.275111369827
596279.153 6580434.975 Sill417 3996.62962779 5.3317602551 0.748633878777
598326.7185 6578996.705 Sill418 3280.23327557 5.32498746863 0.83037715799
605471.744 6589798.32 Sill419 4137.93695892 2.58512054574 1.32210860588
596287.4605 6625443.405 Sill420 6417.40009759 3.74217890522 0.429281086851
604504.0495 6619412.855 Sill421 4125.2383357 4.97011756337 0.444415549205
606961.034 6617573.39 Sill422 7364.56505399 4.28517326348 0.666500007368
616602.095 6610422.435 Sill423 5015.00778261 2.07870094555 0.576816509545
573236.263 6552890.85 Sill424 10343.0624917 5.00776450899 0.676159505153
578286.6955 6548214.96 Sill425 3603.37029494 3.08842735923 1.09526455307
577161.8955 6547015.035 Sill426 11424.3827117 5.43162183358 1.68361014285
571792.441 6554005.425 Sill427 6120.07850976 4.48699452756 0.662094894957
562698.791 6527163.765 Sill428 3915.84793098 3.41984871066 0.38795280049
564173.832 6529049.115 Sill429 1769.22374631 4.14525996368 0.133984515864
566105.759 6531524.885 Sill430 6130.43059666 2.49712061088 0.842712281486
559591.171 6523146.075 Sill431 1273.7357815 2.63548924014 0.245050775297
555916.051 6518359.59 Sill432 7249.17083516 4.01833312636 0.475919014947
575672.596 6544632.03 Sill433 1633.59863511 5.58967322878 0.40288429558
577313.964 6547013.81 Sill434 2369.39128134 3.22349760972 0.523368949535
578098.943 6548113.81 Sill435 6125.83295921 2.10410470884 0.392150219842
582096.5055 6553762.875 Sill436 5938.72108721 4.20180793981 0.709155232648
582778.122 6554712.605 Sill437 3700.75579483 4.52945579435 0.969056899219
579524.815 6550125.72 Sill438 7696.27903559 4.61746299142 1.24757655762
572634.1425 6540431.795 Sill439 14610.9582665 5.89488413821 2.08570946271
574873.4055 6543481.215 Sill440 8049.47239865 6.75462035248 0.634559016306
448137.0355 6373548.5 Sill445 5703.07797901 2.10651165495 0.703711228019
452296.269 6379091.28 Sill446 2376.43522069 1.72277558585 0.851575666177
454629.5065 6382217.96 Sill447 2775.20163562 3.11111422197 1.05815006601
446876.432 6371838.435 Sill448 5747.57953244 3.53847401298 1.16242134348
434260.138 6354908.42 Sill449 9553.95804599 2.42477519107 0.590537740125
441634.3225 6361578.775 Sill450 10055.1625806 3.32121036824 1.03391491665
453426.0985 6376954.435 Sill451 9022.72172936 4.15893777517 1.75860903313
424587.504 6340880.47 Sill452 9048.15213051 3.38816615584 0.872252309098
415820.942 6328833.69 Sill453 3031.52179834 1.54250492545 0.500723849997
413937.4825 6326265.425 Sill454 3038.24381792 1.6888748639 0.365592896056
421195.814 6336530.68 Sill455 5446.45302792 4.38540061223 0.787140214776
421023.9405 6334745.84 Sill456 8655.00255262 1.58391747714 0.68814634981
444665.5135 6368838.73 Sill457 2292.1783235 3.09896067794 0.675787890111
420509.8975 6333580.19 Sill458 12231.7158843 4.45643480065 2.02865435043
412806.201 6324794.87 Sill459 1396.98521064 1.18311012428 0.185405516583
417460.6825 6331141.995 Sill460 3157.41238256 2.2491650917 0.24336707319
435840.981 6349708.41 Sill461 15889.5474752 3.44095933073 0.992331119492
429890.29 6346504.47 Sill462 6268.8011487 2.36029459319 0.615637897324
568456.305 6534561.045 Sill463 1399.295426 0.594111054521 0.387881224774
426713.2735 6455547.3 Sill466 4187.41527106 1.95347285719 0.820190189353
421813.7825 6448846.05 Sill467 1548.51680253 1.31715347412 0.457379947248
422593.9255 6449930.88 Sill468 1273.77491916 1.31186413023 0.387670254594
418518.406 6444209.275 Sill469 1536.65413431 1.1742456772 0.869453207278
413331.634 6436911.62 Sill470 2765.20443409 1.24756339657 0.275446699205
417359.0155 6442587.7 Sill471 3774.43643296 2.18137366277 0.772292650342
414350.0345 6438352.05 Sill472 2439.51395106 2.50709586362 0.245154723627
408246.56 6429867.45 Sill474 5126.34236687 2.152301708 0.447859301576
416723.6265 6441697.625 Sill475 3262.97060924 1.19367637488 0.292817393675
392622.01 6409485.27 Sill478 1438.42152256 1.32056832814 0.186945097915
400624.189 6419620.36 Sill479 3005.12546767 2.30309386077 0.445381760424
387036.34 6401964.585 Sill480 1774.63869599 0.910868989954 0.221992456945
384315.243 6398627.545 Sill482 2993.25584287 1.3082016978 0.201132670494
406078.943 6426887.525 Sill484 4417.08434661 1.38031880598 0.611986611883
413450.4555 6437095.585 Sill485 6755.96826808 2.41018325513 0.239568938728
420275.79 6446683.655 Sill486 3658.74984647 0.822131279392 0.128952662926
446672.6215 6503389.53 Sill487 4112.52937859 2.75206678764 0.365502228105
450132.473 6507505.375 Sill488 6674.04336168 3.69799979404 0.695256526017
531980.535 6522101.015 Sill489 7773.70426613 5.004739293 0.158646770942
546168.6155 6511126.415 Sill490 7746.20928506 2.96178885955 0.685529718875
531288.675 6526841.905 Sill491 4279.47973517 0.832718047685 0.764186271652
551082.9115 6521599.425 Sill493 4459.46098212 2.29668607297 0.619714856403
556212.679 6517991.795 Sill494 6011.07179507 1.71638381001 0.526288179729
538505.927 6531157.065 Sill495 2389.41943813 4.9758718486 0.442899884503
539668.298 6530247.185 Sill496 2539.46918969 1.79780864801 0.911686336051
543234.244 6527496.49 Sill498 2314.96820142 4.23562126525 0.303900974166
552076.051 6535841.19 Sill500 4898.95648501 1.69515784173 0.806550535278
557491.643 6531923.235 Sill502 8519.53378613 2.62278725505 0.822151240759
555831.9635 6533124.705 Sill503 5421.19724774 1.08666293905 0.318973515228
262076.702 6299317.715 Sill504 4204.62414941 1.44854728511 0.442587942487
259702.8265 6297624.825 Sill505 3453.94686333 3.13563960163 0.557003472429
259049.6675 6297161.25 Sill506 2102.29719977 2.82478262212 1.04081464844
258058.515 6296430.23 Sill507 2738.40959363 4.24258539575 1.03479932548
261955.9185 6299228.6 Sill508 2177.36750447 1.58179450122 0.452022932693
260319.4875 6298064.035 Sill509 3491.50161396 6.596264836 1.25913742941
262042.074 6299290.96 Sill510 2865.64741762 4.5443737771 1.74447261243
255663.4515 6294575.085 Sill511 3372.11619411 5.76807447926 0.345848706681
274156.7085 6307968.08 Sill512 1850.09788841 2.55286284117 0.433015139206
267058.391 6302878.945 Sill513 4590.18700687 2.77347254973 0.675377846258
264992.2525 6301403.22 Sill514 1588.56207295 2.06861926238 0.745641211931
260003.3455 6297839.17 Sill515 1739.51017396 2.60927038413 0.283174974907
271882.1525 6306334.275 Sill516 4700.99739427 3.70943938505 1.4298959802
275389.0555 6308855.695 Sill518 2687.44720964 1.69152069288 0.232189585746
275881.0535 6309209.915 Sill519 2499.8698647 2.36626147765 0.337053098749
281559.217 6313311.82 Sill520 2836.93780692 3.20534962514 0.33652630483
277959.9675 6310707.235 Sill521 5298.90650325 4.21883963227 0.796468721835
275501.3775 6308935.06 Sill523 1912.4397304 4.0256921763 0.132279341952
276550.4915 6309691.96 Sill524 2624.71181729 2.43585330499 0.0895884857137
269302.3655 6304491.69 Sill525 9116.35643362 4.03817311204 2.43762982709
270850.5465 6305595.235 Sill526 4313.86603274 3.37340654538 1.18033938574
287260.548 6317477.195 Sill527 4435.09298965 1.89955164359 1.03606263927
284614.0145 6315550.215 Sill528 2737.31060212 0.137716481379 0.0847621523105
283564.461 6315001.785 Sill529 9275.39894726 2.00995949579 1.72435324134
282959.7735 6316208.805 Sill530 8149.85277343 4.79732110094 1.64141798419
294407.7175 6322715.765 Sill531 3215.5812108 2.5330785583 0.680523324885
291361.618 6320463.89 Sill532 5486.81178552 2.09381821661 0.506248269133
309081.2255 6333745.515 Sill533 2712.54794338 1.13149029174 0.0607984730267
304566.3015 6330368.115 Sill534 10964.3476111 4.3631975887 1.70357341054
296723.31 6325287.835 Sill535 7536.56704025 3.47453950799 1.33366814484
304027.8225 6329960.705 Sill536 12564.8069913 4.44553162505 1.84306883511
311229.334 6335350.055 Sill537 3324.88120968 3.82043365509 0.239833115708
314877.88 6338036.375 Sill538 4586.9928282 2.18361107869 0.981097320963
333435.4715 6351860.175 Sill540 3825.15231821 1.47281417143 0.549968542526
338689.973 6355729.255 Sill541 2899.66870659 0.137335029303 0.0993609112141
336864.459 6354382.295 Sill542 3787.48704946 2.59468978196 1.10746718233
317217.0355 6339750.085 Sill546 1687.44576231 1.31078846004 0.263654312459
318762.217 6340898.515 Sill547 4437.95834839 4.95322320833 0.39162219436
342314.974 6358434.35 Sill548 6021.58881273 1.45302531444 1.32039009387
330660.0335 6349739.99 Sill549 28959.1605517 2.69279261487 2.20319221334
318491.178 6340697.36 Sill550 4212.88761371 0.593137291508 0.511320597491
305234.629 6330873.325 Sill551 8813.7528305 7.45252401184 1.98487822603
311403.2115 6335472.155 Sill552 5649.62263611 5.20189003484 0.977520410411
318157.264 6281354.615 Sill553 10726.7665351 2.52114751935 0.494611111704
315667.8975 6279978.795 Sill554 6138.38329998 4.54545358481 1.26145151288
309214.0375 6276371.555 Sill555 5548.19622376 6.35755998131 1.25373960221
324782.108 6284992.51 Sill556 2963.80579389 2.42443845192 0.674883205163
337841.219 6293147.03 Sill557 8229.38776529 4.68496560546 0.610625195224
350642.3365 6299649.055 Sill558 5489.59980489 1.39263461063 0.362059107598
352365.985 6301620.81 Sill559 8751.46385519 3.49277311452 0.941114549405
359690.349 6304593.97 Sill561 3804.05136354 1.27727096138 0.415866746645
382152.414 6318421.11 Sill562 6330.96796394 2.84892616222 0.805041955876
388750.8925 6328307.28 Sill565 2380.67514105 1.2357830498 0.079517040939
375379.764 6313466.295 Sill566 1948.52335799 2.07393023253 0.57890244818
370921.825 6310714.8 Sill567 4137.65809665 2.22910461732 0.357518823039
377896.863 6315894.43 Sill568 5111.85381065 1.8166388595 0.506690515534
364823.691 6307371.31 Sill569 5216.29553839 0.817462456035 0.270556187638
344584.7355 6296201.325 Sill570 8875.62002524 3.49430719423 1.20595184729
330529.53 6288152.13 Sill571 9653.32384799 6.51056136498 1.15297095515
279091.345 6315744.255 Sill572 2387.419948 0.326805184659 0.0928604125871
312201.7185 6278044.58 Sill573 3525.81458256 5.84706193713 0.386060167264
339938.21 6293376.23 Sill574 10199.3488946 6.26665555462 1.28656758228
358769.1465 6304102.0 Sill575 6643.59803122 2.65020967633 0.33034730728
313739.5455 6278906.515 Sill576 5301.1802017 6.52200306134 0.756884124997
329996.215 6287840.57 Sill577 4841.30039131 5.07137570524 0.527002423227
346769.866 6297454.055 Sill578 6789.46618469 3.92488292961 0.941409138732
266984.1375 6318186.805 Sill579 4062.53617911 2.03547359967 0.75451599986
266658.7675 6318248.8 Sill580 5124.97077738 2.82335324506 1.01905214003
271743.8705 6317220.71 Sill582 3675.80417536 3.07019167374 0.615210591042
276767.7725 6316204.505 Sill583 3174.93562453 3.23659880936 0.206742726603
266423.835 6318283.075 Sill585 7949.5072006 3.94144640187 1.7191331991
289636.5 6313723.815 Sill586 6963.34757563 2.57973730174 0.526436053965
296106.675 6312448.42 Sill587 3025.57257875 0.880012351345 0.362950395655
313749.1775 6309047.385 Sill588 3663.02646671 2.15253857284 0.343532640588
330435.102 6306046.865 Sill589 14498.9844851 3.31506135717 0.550644593483
300884.6805 6311476.32 Sill590 4475.59800378 1.49235987932 0.237240626241
302888.9435 6311075.635 Sill591 3461.78416724 4.16925451336 0.948803573704
300651.9715 6311524.28 Sill592 5250.74946069 5.21244069306 1.64423151502
285726.755 6314473.79 Sill593 11699.5049389 3.09306212101 1.55723576706
441053.834 6378068.415 Sill680 10506.7720388 2.7066075584 1.23273469976
432298.4275 6361571.845 Sill681 15054.3578999 3.62257074986 1.82568171911
432960.316 6369247.5 Sill682 8762.44253656 1.81830545093 0.570391462809
418196.968 6350569.255 Sill683 9243.10257178 1.86289273437 1.0504213862
401281.5805 6326619.715 Sill684 8360.27301204 1.37003012016 1.09552693653
398633.4535 6323045.23 Sill685 8118.24369472 1.827001911 1.20100244615
397560.371 6321661.85 Sill686 11820.8222991 2.21245394436 1.21619178717
402768.868 6328579.28 Sill687 6370.69047932 3.11201611499 0.632166268933
387034.8805 6307398.31 Sill688 10091.8380026 2.47638963171 0.527664060811
363250.239 6272916.175 Sill689 12163.7016305 3.47969266488 1.53760130072
349878.0555 6257444.675 Sill690 13236.6439801 3.73353900376 0.628533261115
371969.9795 6287063.4 Sill691 4588.30211837 3.95633661889 0.55540863857
413939.411 6343103.985 Sill692 10556.3139137 3.44482427427 2.34843798291
422510.3865 6351111.815 Sill693 14565.7747534 2.56110169173 0.857604486763
426285.391 6358348.685 Sill694 8105.13680109 2.83041243734 0.673790719229
418650.141 6350357.495 Sill695 5881.44261647 3.84850211981 0.621457653146
439731.709 6215259.08 Sill696 7310.82977234 2.53980107201 1.30092268395
443219.0865 6216753.5 Sill697 12723.4690297 4.20577524167 1.367936715
300767.394 6321560.405 Sill698 11796.0128809 3.26298269499 0.762626804258
314310.5885 6310906.525 Sill699 4066.52513506 3.35668531096 0.326561214164
323202.859 6304142.875 Sill700 9801.91794251 3.02577651433 0.372401033116
284642.257 6333861.435 Sill701 1677.75550494 1.22968377224 0.380379648763
283843.506 6333490.33 Sill702 5671.02235917 0.590324013651 0.399669507478
276340.0205 6340302.545 Sill703 3737.32038912 2.33006610062 0.557224280673
453398.9695 6267995.59 Sill704 4134.37531993 2.90820080401 0.452833691781
273558.76 6342458.5 Sill705 2917.63724388 1.28493241439 1.18996014326
288316.2195 6331004.715 Sill706 5814.38737765 1.64736687495 0.534621867725
314389.589 6311269.64 Sill707 24136.4377132 3.92686084013 1.94199146483
354710.9365 6280024.14 Sill708 10229.6385433 3.6921320317 0.905985206262
368707.3965 6269452.325 Sill709 7117.80648685 3.35961244314 0.645421584754
342697.227 6289409.9 Sill710 5111.48834826 4.2098692479 1.06654283246
345041.631 6287591.075 Sill711 2960.29940251 5.06864973825 0.666064117231
348725.7165 6284743.97 Sill712 9749.57009393 4.52893766948 1.18868974885
347221.7435 6285843.05 Sill713 2383.5499512 4.97282459158 1.13637679765
488425.9 6288448.135 Sill714 6051.3730952 4.01105735267 0.912926908211
295162.1085 6325876.075 Sill715 30571.8317355 4.17287049926 1.74896093129
328628.5 6300009.335 Sill716 4126.32982309 3.18588095696 0.687642865149
439406.914 6378680.715 Sill717 9538.54088332 2.9569837408 1.98598192366
450541.363 6380220.92 Sill718 13202.4577414 2.36595471722 1.21627852374
491757.3235 6272440.85 Sill722 1868.99196982 0.615495227091 0.298657508543
473840.9515 6286890.195 Sill725 5020.97593565 4.89202742326 0.288698554861
464654.1705 6288783.62 Sill726 14455.0579033 6.45557794392 4.02163685187
447563.4445 6304960.965 Sill727 5708.55419306 4.75937638611 0.917018707165
452145.9955 6302003.275 Sill728 6509.0003803 4.35517778921 1.03704937176
430847.6405 6316778.645 Sill729 9988.31063646 2.41923052081 0.390153245199
428879.6455 6319351.21 Sill730 32598.4466365 3.45755432488 1.48989817182
422279.326 6323062.54 Sill731 4728.49239194 2.77531878762 0.32559123933
428821.6185 6318739.13 Sill732 33306.0050517 4.63219462178 2.22630180143
460321.802 6296323.41 Sill733 7103.53875523 3.25987362648 0.795860593855
446571.27 6305590.05 Sill734 10306.1854829 4.41691158495 0.603791500722
412784.0585 6330609.785 Sill735 10655.3862063 3.1196496235 0.992088836872
435669.2095 6313244.615 Sill736 1316.47881151 3.18925486482 0.0288469763786
415498.975 6329022.885 Sill737 3138.72958991 1.63124705912 0.849352320311
394074.3555 6303027.575 Sill738 10146.7666527 4.90720567907 0.98787595006
404481.9345 6308601.62 Sill739 17923.3873716 4.36063088349 0.852538611588
404434.301 6313681.22 Sill740 6740.04522915 3.35348003677 0.804083311999
406656.7135 6316780.96 Sill741 11441.0389463 3.64352010737 0.805954324001
388535.4535 6291977.21 Sill742 12126.0673125 4.13819569202 1.05898542713
390522.6145 6295708.39 Sill743 12864.1251996 4.15519306056 0.827506446564
402625.725 6308021.005 Sill745 27203.7225424 4.54414893707 0.833413021709
413494.3905 6326277.595 Sill746 3937.11036744 1.0371111473 0.432596012258
429158.6305 6297667.46 Sill747 17208.1669602 4.50495972149 1.80624928696
419287.87 6289015.195 Sill748 5458.42402442 1.18397924663 0.230068501796
449840.8175 6333597.55 Sill749 8368.86037985 4.25378376424 1.40889436376
451665.282 6335809.745 Sill750 10028.7879663 4.39577913096 1.13790559835
427978.3175 6295548.245 Sill751 21535.2702375 4.94803604887 1.74505409253
431606.093 6305406.59 Sill752 8005.65466459 4.8774473916 0.182414827139
442639.5455 6322317.08 Sill753 14121.1335618 3.95821979174 0.637160955765
442975.757 6322884.66 Sill754 3291.71864153 4.13993208146 1.02896044624
445050.6615 6326132.17 Sill755 7670.36628497 3.96263951971 1.18601523507
422051.168 6294122.125 Sill756 12181.7980177 4.26703066794 1.55329550762
443180.218 6324890.995 Sill757 6073.07350003 3.45457620189 0.980452502982
436586.1395 6321398.34 Sill758 8021.30252293 3.69070788714 0.423218174067
448310.9665 6329104.15 Sill759 6285.26445274 3.02248567929 0.451114707655
450915.712 6317111.51 Sill762 12425.0663662 5.38367638688 0.865950945572
458880.781 6333190.435 Sill763 15601.2783652 3.32982555233 1.11938440017
452158.634 6320755.015 Sill764 9756.15223384 3.36242834441 0.902963880116
445490.5325 6286896.46 Sill766 5111.85145111 3.43626826803 0.79092995392
451260.931 6295234.935 Sill767 5522.81387242 3.11606883206 0.551686683939
450660.9055 6289172.28 Sill768 12146.2347774 4.19788470389 1.09176395838
458566.662 6307152.91 Sill769 6460.65412317 3.06291631745 0.472074251165
449829.21 6223540.1 Sill77 10517.6433205 0.877985475393 0.367879970198
448860.8245 6290461.875 Sill770 9945.31641233 4.27692885034 1.04893041025
452963.326 6267309.91 Sill771 6159.30565921 3.35531489979 0.566857631439
456391.6565 6272528.05 Sill772 8851.16768052 2.1844069088 0.67355379057
475314.314 6300874.74 Sill773 8683.71515643 3.90157717478 1.0435784705
468567.951 6299013.215 Sill774 16048.4559707 3.93177481191 1.2482008153
480932.8545 6312037.01 Sill775 4055.73589579 2.38341500055 0.564284505583
458970.388 6267690.46 Sill777 35663.6946869 6.97022008665 2.09295999085
406483.075 6350949.205 Sill778 6051.99720301 1.42441592126 0.746508069355
409605.8285 6356633.395 Sill780 5407.08821087 1.63304105645 0.669556604023
409904.997 6356318.81 Sill781 5686.30108885 2.31639935708 1.27434683491
438595.9245 6394106.795 Sill782 8098.92644652 0.744273397428 0.66779547786
431943.6605 6385299.665 Sill783 4625.42664432 1.66671130042 0.6734207397
428966.899 6378924.84 Sill784 14698.1026671 2.67771699778 1.82863841854
427905.1575 6380045.77 Sill785 3201.06638804 3.99196991257 0.383226693863
428727.5495 6381109.08 Sill786 2988.64982871 2.18567807007 0.96376960451
423613.579 6374419.035 Sill787 5275.9896581 2.44614255078 0.80888041795
419072.7615 6371285.49 Sill788 8550.22556873 2.00053120977 0.711407906797
436188.7985 6390912.62 Sill789 9774.56353973 1.99606475471 0.56106870755
414780.0175 6362700.365 Sill790 3200.25667861 2.2085277866 0.668788175999
420038.001 6369810.63 Sill791 8662.03722156 2.77420880912 0.720811814056
444836.895 6402556.745 Sill794 4138.75597171 0.606319342739 0.240469845738
415279.4775 6441431.26 Sill797 4999.98217613 3.88754016305 0.515745863134
452644.0495 6411572.525 Sill798 8688.51658041 2.23030987944 1.67062714724
416480.134 6440498.1 Sill799 7164.75343267 1.61480767086 0.937616201155
427430.316 6431513.515 Sill800 4918.01085338 1.39335793886 0.703803183403
680720.376 6643610.815 Sill802 3915.6582748 0.808302392206 0.148954889752
684460.026 6648696.28 Sill803 2691.34840348 1.75831426007 0.249320090407
687064.2235 6652160.555 Sill804 2499.78783194 2.40215720201 0.370458898172
607814.145 6565203.99 Sill805 12211.8434892 1.62018806772 0.933586967962
609605.8615 6565848.71 Sill806 4655.2668315 2.71847442849 1.13891009846
441922.1655 6384689.07 Sill810 4512.58987283 3.07740692689 1.34161649386
444778.4615 6382426.52 Sill811 4550.01932005 3.28715702198 1.17319760565
429332.991 6394452.51 Sill812 9778.79997841 2.15972639731 1.21742174658
436961.3295 6388550.695 Sill813 7535.70606488 3.48162322495 0.730638756702
416515.456 6404491.675 Sill814 4649.67553767 2.3609864091 0.740590608844
420161.9335 6401787.965 Sill815 9860.56552646 1.29049977546 0.824350655753
427021.966 6396236.935 Sill816 6766.13300409 2.2097813632 0.633161786334
400706.824 6417277.52 Sill817 9200.2992019 0.973549261318 0.841606563465
402995.497 6345143.155 Sill818 2339.55128264 0.625460395866 0.532496563298
415255.4565 6336687.685 Sill820 4465.30765233 2.11090610203 1.22689678986
417287.3645 6335283.305 Sill821 4801.07607078 2.81633418872 0.335014632788
410401.037 6340028.855 Sill822 6745.39584646 2.31360836277 1.07481560697
426754.1825 6328457.74 Sill823 5047.77144651 2.62067786599 0.869909812805
431292.6315 6325170.21 Sill824 10659.3508052 2.18253935199 0.472238269774
386670.732 6396824.035 Sill8245 2686.10179195 0.489066724573 0.443180296049
401787.424 6385517.775 Sill825 2187.84808042 1.56367768497 0.355672972408
423670.821 6369306.215 Sill826 5588.27753788 2.35386902544 1.32291555293
433554.569 6361803.29 Sill827 5788.95135331 3.48787807022 1.82956302583
368617.913 6409829.355 Sill828 3324.79522039 1.35192044749 0.212152939483
370626.513 6408349.87 Sill829 1915.68080423 0.992421498668 0.426008846392
374118.5605 6405865.365 Sill830 2400.95988274 0.816517480852 0.244769073183
452445.028 6347020.6 Sill831 11415.3663552 4.05063650805 2.79004565255
450773.1105 6349075.535 Sill832 2440.82442775 3.09612524466 1.15559120446
450029.2025 6347933.715 Sill833 8942.63983503 4.86379105337 0.965500870558
461696.462 6341253.645 Sill834 7114.3581611 3.38491996659 1.11814618348
443105.733 6354766.06 Sill835 10182.7540214 2.22930158665 0.25973603043
448941.855 6350406.435 Sill836 2887.46200053 1.08102361253 0.242134464067
426207.3955 6367335.93 Sill837 5561.99393486 2.60790809635 0.565334334347
418441.7335 6364013.9 Sill839 2662.11819492 2.62630632535 1.32415420102
446286.0005 6342917.94 Sill840 8166.42177401 3.89734042123 0.871587636983
438066.668 6348966.505 Sill841 4028.89330805 2.7600196653 0.710718317067
443292.0425 6345053.495 Sill842 3706.67600181 3.82904789613 0.994363312378
445611.4905 6343411.915 Sill843 10438.5091012 5.26501271616 1.81177446554
427710.8595 6356977.68 Sill844 3038.02327138 1.46190391824 0.350498289603
367286.3815 6403227.72 Sill849 2525.47792621 1.08560888223 0.151971691804
411238.2355 6348002.87 Sill850 7523.4224218 1.34737047835 0.642681552401
412347.595 6347199.44 Sill851 2137.23947128 2.08748014449 0.337235395817
411380.3695 6347920.13 Sill852 2924.87703877 1.4490864094 0.380021795067
415072.2655 6345109.835 Sill853 5748.19162682 1.38218208189 0.39013108751
417810.4595 6343063.505 Sill854 2821.25058179 1.2902705398 0.138497707462
418889.978 6342248.715 Sill855 6201.16131061 1.83935021088 0.671238453559
432317.378 6332401.545 Sill856 15846.3578427 2.43349772557 1.21218115538
450338.977 6319496.2 Sill857 12781.2692743 3.84963650953 1.69514566775
457751.999 6315349.945 Sill858 7220.60686391 5.05653012614 0.650299921371
430807.6435 6333393.475 Sill859 8278.12752487 2.53556391639 0.483351578296
480302.302 6302307.07 Sill860 12189.9728022 3.21882289086 1.45264571727
283025.428 6332166.18 Sill861 3225.44306843 5.41335336796 0.295744943707
281878.4465 6335483.715 Sill862 4646.33991672 4.2821387158 0.794725474418
280256.6285 6405681.95 Sill863 1860.45304289 0.534450961738 0.120779358065
280494.681 6396598.0 Sill864 4073.62803421 1.72139982351 1.03195110077
280212.6855 6408278.27 Sill866 2309.58952849 1.88801921472 0.545072634724
279914.658 6420795.695 Sill867 4990.36972876 1.30898868196 0.39182071121
281494.4375 6374014.675 Sill868 3327.15193669 1.03435598672 0.843784174817
278759.22 6457888.0 Sill869 4162.20155963 1.50262996614 1.14191700893
283243.062 6326313.815 Sill872 2212.42843345 2.27060863501 0.688680827122
283343.1635 6319538.7 Sill873 7691.16419793 3.7207469971 1.56426873074
283382.2275 6314012.645 Sill874 1137.61303488 2.22194748956 0.798067561956
283434.642 6312474.91 Sill875 4039.8685649 4.12018973293 0.940700995627
283617.132 6308244.01 Sill876 5556.17877111 4.01833399241 1.30004678782
283642.179 6308151.045 Sill877 7520.58618054 3.67948557821 1.34177421646
426633.6495 6343431.31 Sill879 11085.6526645 3.31310035895 0.425454339764
435369.2985 6337576.44 Sill880 7685.95528026 3.52771324919 0.721442642817
437211.0705 6335856.07 Sill881 3786.41291457 2.26654675322 0.457790014297
441013.064 6333135.085 Sill882 3240.64969781 4.1729383678 1.00321361975
456772.3895 6321977.035 Sill883 4312.87669466 5.2907781042 0.868993088573
461104.6595 6318866.78 Sill884 2526.29442297 1.91032584343 0.163466394322
459433.565 6321271.73 Sill885 10315.6063999 4.16304310855 1.24327885189
470269.608 6312242.75 Sill887 3220.8143744 1.49494091508 0.319780188629
465078.254 6316021.975 Sill888 3321.93040415 1.75993869233 0.74922693766
279325.723 6439402.48 Sill889 4674.70367145 1.4645180159 0.845781794756
279022.9085 6449498.575 Sill890 6275.79140739 1.3344344112 0.596774686439
279980.436 6417953.415 Sill891 6925.49811557 2.21287249335 0.723157810547
278715.994 6458818.235 Sill892 4750.11059858 1.34191055391 0.722816976214
279171.004 6444318.885 Sill893 4387.92460438 1.23220769725 0.508306595054
279738.3325 6427603.78 Sill895 3511.23860083 1.88495969528 0.590563059256
279834.248 6424344.65 Sill896 3484.48968465 3.99832863767 0.701501060573
279839.55 6424039.71 Sill897 2249.47427174 2.24664732015 0.79230101309
280478.859 6419640.27 Sill898 8047.18879127 4.33830391642 1.43869117917
280114.532 6412692.805 Sill901 5572.52750854 0.695587003098 0.205850064898
280327.215 6402760.26 Sill902 5633.49637654 2.55851949816 0.980778718813
280637.9975 6392606.15 Sill904 2113.98772471 1.08465741786 0.282276922002
280795.889 6389318.105 Sill905 4394.67052701 2.21785023367 0.94839101834
279552.606 6432643.745 Sill906 8125.48937934 2.62989675134 1.26875004669
391559.5175 6314924.48 Sill907 14526.7837299 2.13030251305 0.655871762949
413137.3785 6305164.52 Sill908 6986.50515039 1.51044049159 0.356933010247
402545.7235 6296980.335 Sill909 9309.90741949 3.47872111139 1.21880504601
406200.867 6294489.28 Sill910 4334.44410593 3.55788524517 0.255031273082
414210.486 6291265.525 Sill911 19346.9405571 4.50474776633 2.27356257945
410015.815 6291799.065 Sill912 5975.9057965 3.30329974596 0.604788060624
462380.32 6257001.24 Sill913 12988.6256941 2.08444554279 0.361223053867
413508.69 6289350.71 Sill914 9183.33514604 2.34030890895 0.54837415664
462368.5635 6256974.605 Sill915 1774.04337762 1.13396504919 0.154527121875
456827.221 6260624.345 Sill916 2324.5272269 0.900406158189 0.680622266566
304495.8215 6625184.795 Sill917 6300.83210118 0.832578988401 0.342738854304
304259.7575 6625360.34 Sill918 3337.89969648 1.68221706799 0.143668916854
244876.4785 6632187.7 Sill919 8700.30283549 2.23901597655 0.217365623388
305066.574 6585062.46 Sill920 9959.25120615 3.2288516067 0.479353506558
315050.31 6577327.57 Sill921 7425.54635844 3.60432632305 0.393069461007
418685.011 6502073.105 Sill922 5371.28019231 2.03391145409 0.547319917064
410169.321 6508011.205 Sill923 6424.56065864 1.34629422926 0.515032315156
276356.3415 6555372.14 Sill924 4300.59686218 1.61886792744 0.303660449975
287489.392 6546809.675 Sill925 5641.74059793 1.90817414615 0.371695287368
257793.506 6570482.64 Sill926 6765.66159805 2.96294403023 0.524211874362
271696.9545 6530168.71 Sill927 8911.51166596 3.53331824915 0.556125521338
274509.5555 6528024.23 Sill928 6711.89142195 5.11674038172 0.661757704863
475909.12 6269747.66 Sill93 20420.3756534 3.45908850908 1.86692480366
260763.1045 6538372.715 Sill930 5351.31058958 2.30219450538 0.607083719984
274999.2325 6527636.14 Sill932 10211.858514 2.31599204992 0.727223384188
259540.4545 6554062.745 Sill934 5575.38910316 2.96497448766 0.51920850705
253678.183 6521123.7 Sill937 6884.0525544 0.632586110669 0.584741448783
255082.1855 6529321.605 Sill938 7550.78407703 1.68677677236 0.405568237295
278142.4495 6487176.71 Sill940 4362.45201393 3.97941545367 0.268581467869
300057.743 6469670.06 Sill941 8436.52787375 3.18691269855 0.924190095326
302510.1295 6467693.865 Sill942 4035.28244474 4.14020031623 0.211222059843
277767.3375 6487478.04 Sill943 6224.73057287 3.1278652723 0.390753557718
392463.5145 6593708.725 Sill947 13799.7551748 5.6955891303 0.259514851105
390447.382 6592709.885 Sill948 10199.815035 3.52715270202 0.328378733195
406295.6925 6600548.155 Sill949 10312.1372456 2.49986208188 1.27337176927
481794.05 6288090.845 Sill95 8798.63008735 2.96629862445 0.766567730992
277490.962 6537159.96 Sill950 4676.3925257 2.74839999669 0.402394183499
296491.051 6546535.97 Sill951 10103.3490843 2.87164887156 0.296003861437
319050.8035 6557763.875 Sill952 6902.62546064 3.43740093658 0.389390475223
295774.23 6546167.315 Sill953 2013.40895569 3.83455323693 0.330545825153
298308.675 6547473.02 Sill954 3038.35351097 1.59836013739 0.691765779292
301321.8685 6548994.4 Sill955 2737.50287591 4.26403147072 0.822032920131
341818.2405 6568844.87 Sill957 4912.99424109 3.08314656423 0.447833858467
300115.367 6392278.48 Sill959 6983.62197251 4.59968462721 0.706875248485
463039.448 6268978.225 Sill96 14568.1341956 3.07093113093 0.918501569081
287535.621 6401723.425 Sill960 4695.04821691 3.46608596592 1.02367079861
270273.561 6416059.4 Sill961 4826.65383468 0.739170469391 0.215035441092
277868.8635 6409711.03 Sill963 2514.23036069 1.27671026743 0.590543764831
277801.384 6409766.935 Sill964 3167.75308559 0.467698670407 0.308698467601
280923.918 6407071.175 Sill965 5208.54866124 1.0493310464 0.152266837255
294457.455 6411028.005 Sill969 7271.44163456 3.90920785041 0.745779024727
473054.536 6279615.23 Sill97 14381.0941527 4.59402161252 1.89925469239
304601.011 6403170.895 Sill970 5936.41041648 4.16473407265 0.82899013194
319504.419 6391625.88 Sill972 8765.52882024 5.22910548174 0.810700647133
303166.63 6404287.735 Sill973 12250.2690647 4.20475976434 1.13863755267
306396.7645 6401783.82 Sill974 11951.3855594 5.42311388649 1.44803158167
317982.4435 6392808.425 Sill975 5934.22007956 1.86229137113 0.530489399975
321913.9855 6389756.74 Sill976 3715.14627323 0.946922685657 0.730971267414
422449.8565 6311918.385 Sill977 11862.6065572 5.3444501899 1.09047740631
454647.3475 6286974.875 Sill978 12993.7035678 5.96133723945 1.56021525887
452832.51 6290318.41 Sill979 20421.8906053 5.37847455819 1.79096726679
476633.151 6285265.765 Sill98 7694.32604794 3.76583263405 1.22605216269
414310.8335 6318218.595 Sill980 7295.65506402 5.12468297242 1.409336718
417429.2765 6315804.6 Sill981 6037.18347612 3.13012731668 0.234197234574
421019.246 6313028.125 Sill982 2311.24749045 4.25572276924 0.718636921711
405160.5125 6325294.53 Sill983 11088.3620123 5.06464952461 0.918241500249
411704.291 6320233.345 Sill984 10084.3578745 5.65732273941 1.18858743231
421767.983 6312447.595 Sill985 11209.7559271 4.35157139969 0.349340879318
401511.522 6328116.795 Sill986 2238.86547452 1.95182587662 0.350595366332
283052.0655 6419843.45 Sill987 5237.19004632 3.042541909 0.806948133443
479543.92 6291153.995 Sill99 2575.87163797 3.34948654354 0.251076185649
283385.6825 6314499.33 Sill992 3986.66366046 4.83611250514 0.645393096453
283493.2675 6310699.845 Sill993 3615.63585524 4.51219137976 0.34479625086
283349.275 6320106.08 Sill995 3957.64631498 1.4751807104 0.209444587418
283947.112 6314960.34 Sill996 6991.49865731 3.41840363442 0.349998806806
282846.673 6337138.51 Sill997 3800.49901007 3.85866642623 1.78713194659
281316.9125 6377800.025 Sill998 3951.74413184 1.34188932358 0.407809230793
281157.7355 6381542.305 Sill999 2188.78321339 1.67787272644 0.400898429382
443149.9575 6295884.61 Sill328 5249.45425061 3.18536116162 0.24674859707
279468.4475 6434979.825 Sill900 4775.15411048 2.66518313128 0.93019859032
