-5.70588350652	59.9293339444	
-9.68332688939	56.6352391313	
-12.6838495709	57.6849740289	
-12.6892037319	57.7205713143	
-12.7078463496	57.8494795684	
-12.750846326	58.1147000101	
-12.7600914668	58.1744797695	
-12.7649601668	58.2031408068	
-12.7233903544	57.9500535688	
-9.82418441836	56.7648727894	
-12.5871293916	57.1201821235	
-12.5698751443	57.0137020122	
-12.4419836161	57.7878710189	
-12.3228640535	57.7434895834	
-12.3024496645	57.7358633864	
-12.5528168415	58.0674177884	
-12.8256356603	58.1685421591	
-11.3699857807	56.6423349758	
-9.65999806026	56.8128053389	
-11.6187933459	56.7455185297	
-12.6292070821	57.126235283	
-12.6111957823	57.1195318604	
-12.4593572597	57.0618669707	
-11.7907948892	56.8060911684	
-11.7408189199	56.7877480693	
-11.5523841306	56.7149946151	
-11.3236173303	56.625258415	
-10.0538491648	56.1139834736	
-10.1477886179	56.1526547928	
-9.72156062587	56.8386701357	
-10.0345253219	56.1061538356	
-10.482481932	56.2913237535	
-11.7221385735	56.7809810966	
-11.9109635758	56.8521296417	
-12.4506528645	56.919008213	
-12.2738896634	56.9045189202	
-11.9404282584	56.8793476967	
-11.9313360441	56.8787686499	
-12.1511053757	56.8947186918	
-12.1890950044	56.897569863	
-12.1742312888	56.8965748041	
-12.1650152105	56.8957887176	
-12.1008348999	56.8909111025	
-12.080109368	56.8893652622	
-12.0307124118	56.8857378628	
-12.7369580569	56.9409470539	
-12.5288257219	56.9248636913	
-12.3828178404	56.9136007926	
-12.344277621	56.9103637888	
-12.2897196655	56.9057644939	
-10.0194913489	56.7527543448	
-11.4590890577	56.8398983096	
-11.5301229803	56.8462231565	
-11.2086283833	56.8155759	
-11.2032734512	56.8153539872	
-11.6467386891	56.8561877034	
-11.6176572169	56.8535484578	
-11.6842386746	56.8595067721	
-11.5998702609	56.8519692793	
-11.5144201073	56.8444934012	
-11.3318980858	56.828390796	
-9.96379317462	56.7890611443	
-10.5904970105	56.7527784043	
-10.3478669572	56.7141304782	
-10.7207611843	56.7681192916	
-10.7196041637	56.7681651288	
-10.5434902291	56.7482184676	
-10.4762535821	56.7427901309	
-10.5945223996	56.7537420039	
-10.8842213287	56.7850887718	
-10.9773551395	56.7769267522	
-10.0072002993	56.9379100065	
-10.9853965308	56.8013383572	
-11.0175035102	56.7965090132	
-10.825344291	56.7831721257	
-10.7275345327	56.7691297279	
-10.5935164658	56.7530014983	
-10.6308812186	56.7573747881	
-12.686170659	56.9368699474	
-12.3748055003	56.9129282639	
-11.8928707319	56.875972253	
-11.7307408645	56.8636193651	
-10.1924166527	56.7175464745	
-10.2306827816	56.7216869888	
-10.1151399245	56.7090736448	
-10.0900368356	56.7064645519	
-9.82723108532	56.6888905085	
-10.2553972473	56.7242448976	
-10.1855919642	56.7168059778	
-10.0423117006	56.7018401447	
-10.1511671456	56.7130731992	
-10.3507620302	56.7335022046	
-9.87932581615	56.9710681925	
-10.3571115967	56.7340607838	
-12.8908437714	56.9529611205	
-9.60639576366	56.6605866927	
-12.9454893502	56.7540858149	
-12.6327685481	56.8922588788	
-12.3546431112	57.0161185717	
-10.7406291007	57.8623588671	
-12.0695436888	56.6056156628	
-11.9268055145	56.6539575459	
-11.7237097013	56.7219176393	
-11.6299939697	56.2805664324	
-11.7621666569	56.1719836638	
-11.8264131839	56.1195146524	
-11.3068154554	56.5413792902	
-11.1147779067	56.6922505041	
-9.80666691022	56.5985428778	
-9.88485944799	56.301087683	
-9.79980413553	56.1778948316	
-9.79812896549	56.0450006436	
-9.80139630236	56.2250381668	
-9.78449605913	56.145543171	
-9.81093287083	56.8658916578	
-9.77278218284	56.7456171007	
-9.82404294761	57.4842831003	
-9.82871102627	57.3777885555	
-9.82400572484	57.4977515012	
-9.82496096224	57.6861687301	
-9.83062017348	57.9819882956	
-9.81804411572	58.0919311991	
-9.79845487688	56.0936447914	
-9.78008113445	56.1189498958	
-9.79859236221	56.1058793999	
-9.80833155214	56.6846972139	
-9.82296193008	57.4442422428	
-9.9459902292	56.1276908441	
-9.69564031855	56.1411408634	
-9.71232272124	56.2982290672	
-9.71090411664	56.2982981345	
-9.82357261917	56.2976572451	
-9.90429457831	56.2981037131	
-9.90397431064	56.297323463	
-9.52002600687	56.3871077341	
-9.58925404448	56.3871613808	
-9.65964847883	56.3869950301	
-9.59159835321	56.3870651813	
-11.3686858629	57.8043852222	
-11.2094081012	57.7435659649	
-10.2858090028	57.3791432127	
-9.79846875052	56.0850320832	
-9.39488139125	56.7097009321	
-10.3325637205	57.4018259384	
-10.2482529636	57.3685015626	
-10.2039203116	57.3509564827	
-9.8886721432	57.2258604319	
-9.79494667911	57.190309097	
-10.1415732776	57.3259683422	
-10.1401138685	57.319741857	
-9.58737773772	57.1068973429	
-9.17728913757	56.8244065838	
-9.99465968646	57.1456889566	
-10.1639450309	57.2097857701	
-10.1667010386	57.2108770817	
-10.220519636	57.2550034059	
-10.322323539	57.2720334212	
-10.4324547973	57.3139605323	
-10.5231119068	57.3514438758	
-10.0871183463	57.180379411	
-9.92153208409	57.0584602373	
-9.28027830623	56.8192693997	
-9.3383791515	56.841367335	
-9.49998248816	56.9051780493	
-9.81679532248	57.0221915132	
-10.2936013199	57.198091834	
-10.6513884414	57.3335564799	
-10.2529434084	57.1939857738	
-10.1466037765	57.5993479992	
-10.0268109096	57.6872218722	
-10.1286350168	57.6124650941	
-10.0603209526	57.6625912459	
-10.3127732269	57.5468917045	
-10.193073317	57.526014913	
-10.5520657707	57.2995281315	
-10.2716353523	57.4540302514	
-10.3806444892	57.4270675971	
-9.95100302404	57.7441346835	
-10.5172128353	57.1576395071	
-10.9186723044	56.8467489249	
-10.8784540208	56.8787202116	
-10.4534573165	57.0477737907	
-10.4409259931	57.0566656892	
-10.0985380726	56.9074000429	
-9.83088139225	57.1412532349	
-10.0425617971	56.8046445084	
-10.4222585677	56.8813291011	
-10.3315691191	56.8626811247	
-10.3217459889	56.860812168	
-9.3121864267	56.653158106	
-9.06295492281	56.5973068758	
-10.0803546553	56.8120963579	
-10.0478911146	56.8056153754	
-10.1626499644	56.8284385194	
-10.2372140471	56.8435736667	
-10.8437733232	56.9749279847	
-11.1664123748	57.0391809682	
-10.2805559074	56.6918590641	
-10.2497984107	56.6807409932	
-10.2449832969	56.6789591494	
-10.2444274245	56.6788915236	
-10.5954385503	56.8063732549	
-10.649699978	56.8255743735	
-10.7842228685	56.8716884119	
-10.554917603	56.7920716705	
-10.6435930453	56.8234089951	
-10.7727847571	56.8678369238	
-10.4843693078	56.7658027577	
-10.4550480905	56.7551195595	
-9.56245412611	56.5518611082	
-9.54009230403	56.5440729909	
-9.78417538043	56.6309993556	
-9.7881990759	56.6324278793	
-10.0654329274	56.7344644694	
-9.90728633885	56.6776933781	
-9.87200412934	56.6631062912	
-9.83760996905	56.6497312499	
-10.1025582228	56.7469804346	
-10.3269721939	56.8216565235	
-10.1952739854	56.7778658225	
-10.1250646423	56.7545448953	
-10.4319545419	56.8587271724	
-10.6794841674	56.9460102751	
-10.3858108108	56.8425140239	
-10.4633324056	56.8697793411	
-10.6459530447	56.934091325	
-10.3395434761	56.8260893575	
-10.0636753098	56.7338912645	
-9.94815163912	56.6932776983	
-9.4597235228	56.5142246688	
-9.92957813307	56.6859124994	
-9.21833864987	56.7184896971	
-9.37029493987	56.777829712	
-9.43033029215	56.8015908262	
-12.9581386727	58.3002606355	
-9.96767343597	57.4228348914	
-9.97774525531	57.4342726383	
-9.9296150788	57.5273968595	
-9.93102594347	57.603513282	
-9.92095802799	57.5741494431	
-9.93248213986	57.7005300055	
-9.93266792667	57.7337194484	
-9.93437403193	57.943017976	
-9.93144113199	57.6424269815	
-9.898562353	57.8599507537	
-9.93212281016	57.793393565	
-12.6627683984	58.1477379354	
-12.7565624748	58.071266747	
-12.7094487885	58.110702144	
-12.5698611772	58.2204495666	
-9.18640500778	56.8982048004	
-10.9064754056	58.8263461433	
-11.0658413437	56.5243956733	
-11.4600143493	56.6779476886	
-10.6939223968	57.1989518077	
-10.6267930757	57.1733803891	
-10.6048720582	57.1650272203	
-10.6062162718	57.1655514389	
-10.6401884599	57.178459997	
-10.5678535525	57.1509665568	
-10.5269309134	57.1357633237	
-10.6728300089	57.1909300799	
-10.0008121068	56.9358864548	
-10.735961108	57.214915364	
-10.5327038188	57.1377275656	
-9.76853853987	56.8360438669	
-9.97021983716	57.4315585102	
-10.2022567575	57.5225312709	
-10.349039082	57.5797106784	
-10.5270179481	57.6488021817	
-10.4771497369	57.6294548085	
-11.0999386711	57.8696989958	
-11.0158348992	57.8379255823	
-10.9677309269	57.8192874208	
-10.6087521509	57.6805939661	
-10.5186680498	57.6455038411	
-10.3494431115	57.5798910237	
-10.3008382873	57.5610213549	
-10.9074270863	57.7958789008	
-10.6387660049	57.6920743965	
-10.8238407675	57.763538748	
-10.8153699552	57.7602158052	
-10.4835740797	57.6318694667	
-9.45758800469	56.8325168179	
-9.73474864536	56.5749948182	
-9.61945293001	56.6784480561	
-9.74271438545	56.5676671677	
-9.5250226262	56.7620655699	
-9.51733657192	56.7688281218	
-9.46243812523	56.8222800825	
-10.4101876553	58.0953541573	
-10.499835288	58.1281543834	
-10.1483525725	57.9848250695	
-10.3368394171	58.0655448046	
-7.05427672238	59.5900906315	
-10.3762092005	58.0819021129	
-10.6490810055	58.1821797836	
-10.6285713515	58.1742922378	
-10.7170425721	58.208169825	
-10.27404155	58.0389533808	
-6.64653623384	59.3194154483	
-5.78033567597	59.8839172272	
-7.39895464384	59.3864134461	
-10.1613731467	57.2788124928	
-10.2417305032	57.2152424264	
-10.3112772227	57.7371129483	
-10.2150783848	57.6986520091	
-10.1848262986	57.6865545979	
-10.017805032	57.6194603438	
-10.1668254758	57.6793828768	
-10.2453580132	57.7107399916	
-10.2732767709	57.721811991	
-11.2685246637	58.1201582638	
-11.050678714	58.0363364315	
-11.2050832221	58.0946146688	
-10.9690672832	58.0054307364	
-10.5447579826	57.8335968117	
-10.630171819	57.8682609131	
-11.0162601114	58.0235662756	
-10.7746909854	57.9264902628	
-10.6929736571	57.8932619564	
-10.707456638	57.899164587	
-11.0431944448	58.0335897919	
-10.9975361253	58.016427948	
-10.8249340305	57.9469198468	
-10.7225351616	57.9053011237	
-10.6904816562	57.8922256211	
-10.4779814574	57.8056381513	
-9.87371192257	57.5602255376	
-11.1572216057	58.0758502213	
-10.6430799051	57.8733091985	
-10.5780529774	57.8472296232	
-10.4955708026	57.8131079081	
-9.99117509752	57.6087718249	
-10.4728963087	57.8035466414	
-9.6740598529	56.9115511263	
-9.59438782102	56.977797207	
-10.2681003564	56.7707905771	
-10.6427503661	57.2520134613	
-10.5618471376	57.2227988334	
-10.5038300431	57.2022043777	
-9.87226477098	56.9684436334	
-10.1206535297	57.0596887051	
-10.4442625749	57.5269496952	
-10.1013041496	57.3927000964	
-9.97477193805	57.3442522174	
-9.96697832535	57.3413510511	
-9.72067093356	57.2458686791	
-9.73475485233	57.2513146301	
-9.76706528612	57.2635446582	
-9.98115702343	57.3467564447	
-9.92562588827	57.3248954934	
-6.97870150487	59.2023411088	
-9.4293779026	56.9291127762	
-9.99421368718	57.1451011308	
-9.27147583183	56.8691031869	
-12.7514299919	58.1184466971	
-11.0037130748	57.0081079937	
-11.0557063932	57.0181743422	
-11.0142704512	57.0101397101	
-9.93214645512	56.7827309472	
-10.8502058155	56.737149567	
-10.4345549362	56.859754483	
-11.7155373312	56.7244860536	
-11.536312946	56.7863341508	
-9.66976225337	56.1422434241	
-9.94637685759	56.1331366086	
-9.75730055472	56.1231076574	
-9.6199699784	56.1438506816	
-9.89446133788	56.0597144275	
-9.65881699268	56.8212384273	
-9.64823280066	57.1120269965	
-9.94610929053	57.0728866191	
-9.67172913974	56.9714725182	
-12.5542524807	59.7465176249	
-12.4360352013	59.5073119939	
-12.4250943118	59.7482607377	
-12.3885919642	59.7765357842	
-13.2551172949	58.7827414406	
-13.1963202046	58.9188085581	
-13.1250095844	59.3473104665	
-12.9323311797	58.8416250603	
-12.8567228897	58.8152921159	
-12.8935241977	58.8283159156	
-12.7891904994	58.4631029428	
-12.5601404017	58.377488236	
-12.6157508039	58.3983806001	
-12.4688359273	58.3431231211	
-12.3683302053	58.3047144367	
-12.4012420452	58.3173310886	
-13.3103017475	58.6530492665	
-12.5649315241	58.0716307438	
-12.5829335897	58.0786617689	
-12.5855551932	58.0792060194	
-12.600774535	58.0850105749	
-12.65169389	58.1041158345	
-12.7910870209	58.1554018054	
-12.8995903928	58.1964702888	
-12.8873988959	58.1919720589	
-12.8606293338	58.1818451464	
-12.8465837635	58.1765002117	
-13.2631425876	58.3293231989	
-13.2623357987	58.3290485476	
-13.3421150794	58.3581295521	
-12.8253838274	58.1684388184	
-12.8252118585	58.1683729539	
-12.7037890007	58.1232305546	
-12.8289299918	57.9301840223	
-12.779165417	57.9120617167	
-12.5035005787	57.8106904279	
-12.549249793	57.8276427874	
-12.3879899615	57.7677304397	
-12.44483678	57.788923946	
-12.0495052325	57.640729802	
-12.1849565812	57.6918510965	
-12.4421580757	57.7879251576	
-12.3454329567	57.7518744968	
-12.5760961746	57.8374210384	
-12.6953987405	57.8814833961	
-12.6987917531	57.8825973737	
-12.2543674012	57.7179251567	
-11.7696519044	57.5342774297	
-12.9843979335	57.9871313969	
-11.9324448081	57.5962790646	
-11.8748854636	57.5743383506	
-9.4296368574	56.594283082	
-9.59488521563	56.6749537112	
-9.66461237549	56.6922773332	
-9.96171089493	56.8160429458	
-10.1519992374	56.889963661	
-9.98655455139	56.8459375883	
-9.83624447052	56.7641249847	
-10.192607597	56.8991302914	
-10.6280666159	57.0870566598	
-10.4980723623	57.0437084698	
-10.5871323453	57.0706689212	
-10.4296263889	57.0072197598	
-10.2814078296	56.9471059084	
-10.7407318914	57.1322012938	
-10.6921113994	57.1127162614	
-12.3752837668	57.6386727748	
-12.363751977	57.6339202362	
-12.5267615533	57.6931413016	
-12.6725132846	57.7601188421	
-12.6221191948	57.7282955208	
-12.6775015149	57.750237815	
-12.6769926341	57.7499256223	
-12.3359075593	58.4069160375	
-12.3380574214	58.4050438977	
-12.4166466077	58.3430629422	
-12.8540305946	57.987740192	
-12.8318691747	58.005982863	
-12.8027129062	58.0315103145	
-12.7516004392	58.0756969317	
-12.7018909849	58.1169382201	
-12.64598766	58.1607841847	
-12.5573726124	58.2306177354	
-12.8092213442	58.4183745992	
-12.8329962815	58.4002132076	
-12.7373911603	58.4756051818	
-13.1099366989	58.1766060506	
-13.1350650224	58.156543953	
-13.0632618647	58.2135526662	
-12.7488061247	58.4663018347	
-13.3173970866	58.3696987371	
-13.3585241379	58.332514476	
-13.2744179704	58.4018789352	
-13.2792457281	58.3979736691	
-13.1394071504	58.5082043939	
-13.109495033	58.5313086092	
-13.1243908047	58.5197038262	
-12.8712178493	58.7261555065	
-12.8472902951	58.9214543865	
-12.9273334861	58.8975484522	
-12.8532988017	58.919774986	
-12.8074280404	58.9331023814	
-10.6360908959	59.5383651483	
-10.5581309398	59.5588370828	
-10.6596961285	59.5321069253	
-10.6414899151	59.5369483924	
-7.04142385185	59.5845548057	
-7.45922317732	59.7557418885	
-7.39578015468	59.7283729403	
-7.05012104921	59.5883129278	
-6.9596500789	59.5497809487	
-7.29035663967	59.6837790894	
-7.216368081	59.5809997481	
-7.32722407743	59.6274841763	
-7.16251983086	59.5583509526	
-7.41450964049	59.6629616123	
-7.36162303166	59.2827290329	
-7.37622388365	59.2882246323	
-7.34612766303	59.3666499825	
-7.33502917994	59.3625203274	
-7.30677566707	59.3516626957	
-7.27144105991	59.3382802907	
-7.14060518897	59.4335037382	
-7.28622299739	59.7556522374	
-7.14306920379	59.6995411247	
-7.10037400054	59.6824078833	
-6.93322541765	59.6156471645	
-7.72117450106	59.109000945	
-7.63468276034	59.0661223664	
-7.65471430891	59.0555543075	
-7.7460134368	59.1192538555	
-7.91244238883	58.8796789207	
-7.88631803939	58.8963898988	
-7.85206168647	58.9183266855	
-7.96741092031	58.8440448158	
-8.03228057212	58.8015573643	
-7.68149139566	59.0344259216	
-7.65206433674	59.0555157835	
-7.63799204969	59.0652486596	
-7.56618620447	59.1152136721	
-7.55392692455	59.1236079925	
-7.61240506442	59.0830479497	
-7.73580193515	58.9972419836	
-7.69580348435	59.0242344511	
-9.86543057122	57.5015479239	
-9.79711950075	57.5517892683	
-9.75871948985	57.5801127924	
-9.88609111098	57.4860426252	
-10.0919549583	57.3323364135	
-9.97107046739	57.3932504981	
-9.77783329537	57.532714121	
-10.2483089779	57.2048555093	
-10.389314862	57.0951419617	
-10.4195078396	57.0717291094	
-10.3030596556	57.1652199959	
-10.3053359783	57.1491609423	
-9.92228445144	57.4588359666	
-10.3134587123	57.1386036742	
-10.4376497459	57.0583099953	
-10.3630218041	57.1161693072	
-10.0643517651	57.2858576534	
-10.1621404424	57.2562080965	
-7.81031641726	58.9452191464	
-10.2480822463	58.234952288	
-10.3292461646	58.173937302	
-10.3163469626	58.1838158779	
-10.3836357051	58.1317070323	
-10.4689829464	58.0651959658	
-10.402744141	58.116931545	
-10.4522531161	58.078327521	
-10.5523930472	58.0009256443	
-10.4132090908	58.1088203333	
-10.8073934884	57.8144421107	
-10.6769959621	57.9072863512	
-10.897807837	57.7455516486	
-10.9418868373	57.7149013547	
-10.5878668242	57.9737174411	
-10.4670374872	58.0668709934	
-10.3546469759	58.1542455402	
-9.91937175952	58.6674564735	
-9.86064198956	58.7048291196	
-8.44595774397	58.8375980907	
-8.20244506319	58.7377572317	
-8.45727728544	58.8802242275	
-8.11517321102	58.8312505129	
-8.02724021972	58.7982161135	
-8.33135028669	58.9183889113	
-8.31133017839	58.9101121765	
-8.24996394629	58.8850664448	
-8.09463571346	58.959017932	
-8.0015158923	58.9231445245	
-8.03003292621	58.9341523225	
-12.8944982375	56.7768757028	
-12.9316635475	56.7604851751	
-12.9418857442	56.7559933843	
-12.9573669733	56.7489286874	
-12.8963872351	56.7760152939	
-12.9220117439	56.7647390216	
-12.8950386906	56.7766182197	
-12.994667935	56.7310548877	
-12.7048998194	56.860436611	
-12.816406859	56.8113144692	
-12.8488136602	56.7970483363	
-12.9269604681	56.7625610248	
-12.740659941	56.8446791344	
-12.6855146061	56.8689915608	
-12.6777727013	56.8724048665	
-12.5883322814	56.9118883888	
-12.6450444863	56.8868277022	
-12.683745946	56.8697573804	
-12.6672364501	56.8770491131	
-12.7811917155	56.826888955	
-12.75687044	56.8375467586	
-12.4983750746	56.9518895801	
-12.5401624921	56.9333878962	
-12.5569071714	56.9279814282	
-12.56785701	56.9385209637	
-12.3853449438	57.0020974399	
-12.4335395274	56.9805388258	
-12.152537116	57.1073288691	
-12.2243240006	57.0751415614	
-12.3493651343	57.0261885373	
-12.2328738387	57.0712587772	
-12.1183367064	57.1226077359	
-12.0601538155	57.1481882973	
-11.7630749198	57.2793287051	
-11.6785437505	57.3159311378	
-11.7079287804	57.3031962163	
-12.0228028975	57.1644980284	
-11.9981237095	57.1754129696	
-11.6201515568	57.341472102	
-11.8076041665	57.2592861995	
-12.0024539333	57.1735013337	
-12.2137096208	57.0799558798	
-12.1155612704	57.123774304	
-11.9654317826	56.6409808724	
-12.0049826296	56.6276645294	
-12.1073602113	56.5927219377	
-11.8600236316	56.6761480074	
-11.6522808647	56.754038658	
-11.4469283781	56.8166737447	
-11.4198600078	56.8349217935	
-11.3015578071	56.8638783028	
-10.9397980825	56.99426822	
-10.8356239671	57.0846700863	
-11.048754353	56.9480083281	
-11.1205841523	56.9220855308	
-11.008575195	56.9704789354	
-11.2189035151	56.8903327769	
-11.5439637209	56.783746812	
-11.7684178275	56.7066182533	
-12.6309000598	56.9325274513	
-12.0599926489	56.6089361977	
-11.6181663664	56.7568199829	
-11.3163816245	56.8591830004	
-12.0355960765	56.6172822581	
-11.7769122575	56.7036287778	
-11.5089858092	56.7957141371	
-12.8316527339	56.9484914927	
-12.8370465902	56.9488833449	
-12.7527062422	56.9422018261	
-12.6694079839	56.9355400551	
-12.8409315924	56.9490721244	
-12.4562674738	56.9193178695	
-12.3491465834	56.9107710177	
-12.0573463101	56.8876841616	
-11.7818261348	56.8671579105	
-12.2700470693	56.904128694	
-12.2368799991	56.9013909626	
-12.2738994222	56.9044588838	
-12.5210020734	56.9242519603	
-9.98470175452	57.5412772838	
-10.1263644918	57.3918952674	
-10.1174535523	57.4609295894	
-10.3572543561	57.2907709445	
-10.6283029061	57.0723728728	
-10.6705190672	57.0397004925	
-10.6876315011	57.0270413372	
-10.6045416677	57.0902857369	
-10.8545594264	56.8965155266	
-11.2263402743	56.5805668929	
-11.4349083054	56.4376083946	
-11.0915104072	56.7100403706	
-10.4252791098	57.2229482628	
-10.2858783288	57.2963954731	
-10.2254136887	57.3620142962	
-10.3496681822	57.2889501268	
-9.96832191218	56.0786795218	
-9.91261633246	56.0925316034	
-12.2799099381	56.9945212059	
-12.0495052007	56.9045873242	
-11.8989845938	56.8473782218	
-12.5553509564	57.0975838565	
-12.5681885168	57.0938822718	
-12.6978531221	57.1513683474	
-9.75808487569	56.5539755305	
-12.7456816448	57.1693323545	
-12.4924154212	57.073672435	
-12.0484755269	56.907876418	
-11.369226935	56.6418056663	
-11.1358131966	56.5510269299	
-11.5706556013	56.7221617364	
-11.5312886054	56.7066214302	
-11.4694975633	56.682274366	
-11.4946757063	56.6916501698	
-9.18920888151	56.739888727	
-12.3755170094	57.0307737505	
-11.8073639084	56.8123205376	
-10.0123613744	57.5465590195	
-9.82667002315	57.561746946	
-9.13423604149	56.5961509149	
-9.42747364265	56.7253029958	
-9.57785124849	56.7417072305	
-9.86055335728	56.8854164143	
-9.7847992476	56.8593432429	
-10.138056173	56.9893705527	
-10.1711620627	57.0121776862	
-10.2809683138	57.0444462135	
-10.1719444789	57.0066712914	
-9.64984357134	56.8090905983	
-9.87696646321	56.8909540452	
-10.440037272	57.1105268351	
-10.0578222447	56.9583241987	
-10.394690716	57.0967820735	
-10.7372322916	56.8589294487	
-10.5687153952	56.9112428874	
-10.5714144646	56.9568489318	
-10.5360311981	56.9851391527	
-10.8231971213	56.758409871	
-10.7923084817	56.7923845109	
-10.5989641022	56.90564271	
-10.4268177873	57.071755425	
-10.1605098339	56.8174623693	
-10.3194348253	56.7381449333	
-9.82888581175	57.142897286	
-9.79916809636	57.1629636395	
-10.1792430052	56.7982466377	
-10.1225042639	56.8873413451	
-9.94528846325	57.0407320944	
-9.93987735391	57.0458719073	
-9.90639418461	57.0752938337	
-10.2758296217	56.7844831838	
-9.9369617102	57.0639184613	
-10.0447977675	57.0316875602	
-9.85323500149	57.102366604	
-9.8079010223	56.9949276517	
-9.67944570391	57.1401382553	
-9.7881373177	57.0277862411	
-9.89071158875	56.7229098348	
-9.79801858627	56.7984521394	
-9.80667287795	56.7439285415	
-9.68035014099	56.9062197075	
-9.80766371246	56.1542409372	
-9.83635730607	56.7553189759	
-9.76504675317	56.5477724249	
-9.71016825378	56.5949797955	
-9.4047482723	56.851014395	
-9.51512786964	56.833884221	
-9.31346688003	56.951555175	
-9.66741069823	56.551753949	
-10.5516757217	57.2919355746	
-10.5019627842	57.3436077902	
-10.4968788736	57.3408420472	
-10.0298201936	57.6849937283	
-10.1388827169	57.6049420509	
-10.1868200401	57.5472329103	
-10.2048874817	57.5571317178	
-10.191458487	57.5668113719	
-10.2748258588	57.5058963939	
-10.3495463525	57.476968116	
-10.0693379494	57.6559721194	
-10.4181218727	57.3990867883	
-10.3329726135	57.4638944724	
-9.92710679618	57.7616932911	
-10.4376113966	58.1061546532	
-9.7976955248	57.8435600711	
-10.4169124102	58.098003744	
-10.2284227777	58.019252473	
-5.76981608294	59.89037111	
-5.69857359097	59.9343060364	
-5.6489201869	59.9641860884	
-7.11162314834	59.2121684091	
-7.07993627323	59.2174956975	
-9.97178179448	57.60085215	
-9.92348126026	57.5808894993	
-10.1852365784	57.6867393613	
-10.0557784582	57.6348683406	
-10.4036333751	57.7746934242	
-10.3414443785	57.7510782277	
-10.2245280131	57.7023954552	
-10.6746234982	57.8862698822	
-10.6072449187	57.2390726437	
-10.4013070058	57.1655719301	
-10.3672535538	57.1533301908	
-10.4827496621	57.1946546627	
-10.2088087592	57.0936349835	
-10.1330253599	57.0648074001	
-10.9015236157	57.6993102622	
-10.6434172137	57.6013477964	
-10.2722732766	57.4599899771	
-10.1055328756	57.394159049	
-11.2113082523	57.8111328005	
-11.1767291072	57.7984378237	
-11.1167152012	57.7771308895	
-9.78842137343	57.2637446869	
-9.81654564444	57.2820255949	
-9.82865324119	57.2716888687	
-9.6341625105	57.2128108524	
-9.94501920546	57.332246778	
-9.84719231994	57.2937789549	
-10.2294103993	57.442714721	
-10.3576445235	57.4115538984	
-9.88963149572	57.226212537	
-10.0272504671	57.2795011918	
-9.9396989409	57.2450330714	
-9.90090958353	57.2305698456	
-10.2013207064	57.3499296763	
-11.2300426227	57.7514869714	
-10.4717500558	57.2664256897	
-10.4530785127	57.2594246758	
-10.4693646383	57.2657102358	
-10.4072099549	57.2411731108	
-10.3611770288	57.2232956179	
-10.3430383762	57.2161706461	
-10.1180839695	57.1299082809	
-9.81786257699	57.0162866607	
-9.69509462819	56.9797794216	
-10.1432930785	57.1385925533	
-9.32307740541	56.864120061	
-12.5805172806	57.0816254705	
-12.6022895643	57.1108275881	
-12.691901488	57.7393511418	
-12.6796348821	57.6580397551	
-12.6950148123	57.7626023823	
-12.7115393672	57.8746565743	
-12.642622608	57.4560789875	
-12.7658228679	58.2065360489	
-12.5718859219	57.0292560631	
-12.5644203216	56.9685568778	
-12.5590500981	56.9190273965	
-12.5568778972	56.9052641021	
-12.5502839634	56.8674134011	
-12.5497948361	56.8665915043	
-10.2152005821	57.2280970472	
-10.0690178268	57.1768268587	
-10.0381267556	57.1616305966	
-9.97463396973	57.1376949701	
-9.71234745286	57.0392185674	
-9.64048073032	57.0116651264	
-9.66838371131	57.0331246397	
-9.4887905771	56.9528412584	
-9.57465838088	56.9864277393	
-12.7387860754	58.0411402295	
-12.7534059981	58.1314779744	
-12.7078087965	57.8492123922	
-12.7674408523	58.2148514563	
-12.7460178722	58.085128018	
-12.7208158786	57.9355924748	
-12.7161768943	57.9064274295	
-12.7158051133	57.903696777	
-12.7009825867	57.8645774019	
-12.7007125086	57.8021246383	
-12.6880494853	57.7131961594	
-12.6736174352	57.622326262	
-12.6680057108	57.5929283247	
-12.7286374743	57.9806744796	
-10.7835420834	56.9651747214	
-10.425441233	56.8820775131	
-10.5960494003	56.8064784763	
-10.5352978908	56.7848584407	
-10.403162872	56.7574496351	
-10.4719328173	56.7614506546	
-9.61040184009	56.4560106173	
-10.4139911483	56.7401228119	
-9.61058874568	56.4557703966	
-9.70109670512	56.4880834048	
-12.4766242665	59.7184857329	
-12.480976782	59.7199480822	
-13.5419212524	59.7488863476	
-12.4297147407	59.3591118138	
-12.2477651451	59.2942598756	
-10.4012704067	58.6512884799	
-10.5503239929	58.7029188199	
-12.9030338555	59.0788628568	
-12.7009527069	59.0078214559	
-13.2427482965	59.2040553048	
-12.9581206805	58.8505934416	
-12.9073228055	58.8328620377	
-9.39207672267	56.5714094325	
-13.1559418405	58.9181396524	
-12.8984692582	58.8296408595	
-13.1941938462	59.0579872729	
-13.2595933179	58.7596511603	
-13.2443615913	58.8338728726	
-12.8044405494	58.4687094667	
-12.4142242735	58.3223386453	
-12.3707431028	58.3057294857	
-12.8111493079	58.4712191462	
-10.8977377167	59.4680769249	
-10.9327818807	59.4585911869	
-10.6567696239	59.5327844582	
-9.29759706103	56.73646727	
-12.8649281699	58.9162730879	
-12.5442874041	59.009747039	
-12.161370279	59.1205709169	
-12.5564024002	59.006100905	
-12.5135581762	59.0190077348	
-12.4625506333	59.0340569321	
-11.77221519	59.2290369726	
-12.3478296598	57.628436803	
-9.60140890482	56.563660445	
-12.5663862218	57.7073643633	
-12.8691501062	57.8273600849	
-12.735650496	57.7742909205	
-12.7368343805	57.7747585993	
-12.6819840902	57.7521298577	
-12.4584094075	57.7940063458	
-9.43956207689	56.6599023884	
-12.281665805	57.7280830659	
-12.0231434579	57.6307579688	
-12.3066246995	57.7374724048	
-12.2504459387	57.7164209534	
-12.0494839813	57.6407536836	
-11.9814732418	57.6149487081	
-10.2747319132	56.944386298	
-9.7411141839	56.7245935898	
-9.77138278196	56.7544488993	
-9.38169877013	56.7108577265	
-10.4106107663	56.9995324691	
-10.3585018068	56.9784203002	
-10.2985872995	56.954111312	
-10.5638491836	57.0612874428	
-10.4542100267	57.017135315	
-10.2861006717	56.9490245737	
-10.6250997015	57.0858655021	
-12.6578868083	57.8676546943	
-9.33462188626	56.7638924631	
-12.5594093235	56.9233927573	
-12.5544034577	56.8893756388	
-12.5648064705	56.973646948	
-12.5505970517	56.9277883759	
-12.5877707737	57.1261218848	
-12.6489604394	57.4899277086	
-12.6549668773	57.5233985912	
-9.93094801331	56.8033680759	
-12.7322377731	58.0015711213	
