-5.70588350652	59.9293339444	9.08147	0.764587411492	0.28329316054
-9.68332688939	56.6352391313	12.822	4.52578398958	1.02788620523
-12.6838495709	57.6849740289	3.27181	1.53801108378	0.985146578466
-12.6892037319	57.7205713143	2.43574	0.979028298788	0.114623718592
-12.7078463496	57.8494795684	5.0118	3.20210153317	0.696489936181
-12.750846326	58.1147000101	2.82547	0.767939685062	0.177510597699
-12.7600914668	58.1744797695	1.86238	1.39949726622	0.267302302815
-12.7649601668	58.2031408068	2.12471	0.643474837232	0.307056345112
-12.7233903544	57.9500535688	1.85002	1.59972675887	0.798000591862
-9.82418441836	56.7648727894	9.72653	5.29642188095	0.292476171304
-12.5871293916	57.1201821235	0.850091	1.7150670497	0.238865771472
-12.5698751443	57.0137020122	6.31058	2.86858101746	0.704826002795
-12.4419836161	57.7878710189	6.03636	3.68176891109	0.63849123767
-12.3228640535	57.7434895834	4.02562	4.25521632292	0.388370594633
-12.3024496645	57.7358633864	5.53768	1.45202445811	0.595391166627
-12.5528168415	58.0674177884	3.85989	2.50432716184	0.403924875933
-12.8256356603	58.1685421591	4.01234	4.67377369564	0.361995253258
-11.3699857807	56.6423349758	3.83571	3.28507617249	0.312201516085
-9.65999806026	56.8128053389	6.18919	6.20404906587	0.771785432866
-11.6187933459	56.7455185297	8.31206	4.44825997266	0.709005537086
-12.6292070821	57.126235283	2.65129	3.14686341	0.520452260811
-12.6111957823	57.1195318604	2.16444	2.02328343754	0.114220342403
-12.4593572597	57.0618669707	13.6488	5.03477792164	0.854329694902
-11.7907948892	56.8060911684	6.75269	1.14999796365	0.221136960429
-11.7408189199	56.7877480693	6.13457	3.21167535188	0.730484913032
-11.5523841306	56.7149946151	2.36324	5.77576167803	0.147131778769
-11.3236173303	56.625258415	13.6367	4.51394648491	0.417228377411
-10.0538491648	56.1139834736	8.05015	1.94120482661	0.760781373789
-10.1477886179	56.1526547928	3.34618	3.34959272772	0.262426047519
-9.72156062587	56.8386701357	9.98979	4.7259165732	1.36513255605
-10.0345253219	56.1061538356	6.19893	4.77013323535	0.429508984675
-10.482481932	56.2913237535	2.94578	0.330824768561	0.0554352428028
-11.7221385735	56.7809810966	2.80506	1.98950252855	0.444609858141
-11.9109635758	56.8521296417	6.27982	5.40861424476	0.852126505297
-12.4506528645	56.919008213	2.0253	0.692432380595	0.184891688658
-12.2738896634	56.9045189202	8.12559	6.10287220335	0.335753973158
-11.9404282584	56.8793476967	5.78551	4.73250568468	1.40846326353
-11.9313360441	56.8787686499	7.27676	5.08239142734	1.14499997921
-12.1511053757	56.8947186918	4.54907	4.54546056314	0.486549654369
-12.1890950044	56.897569863	1.92437	3.14238670059	0.122539075107
-12.1742312888	56.8965748041	8.62273	5.24543041038	1.30876489977
-12.1650152105	56.8957887176	3.23674	4.39780381055	0.219693608464
-12.1008348999	56.8909111025	2.23717	5.58385061214	0.728324766914
-12.080109368	56.8893652622	3.18742	4.94931818976	0.228654997765
-12.0307124118	56.8857378628	4.48894	3.4072029154	0.322425449022
-12.7369580569	56.9409470539	5.08855	4.49833237728	0.869478962015
-12.5288257219	56.9248636913	10.8368	5.81953960431	1.42556844482
-12.3828178404	56.9136007926	1.6253	3.84681949888	0.241381113719
-12.344277621	56.9103637888	3.90079	2.65915429606	0.452239195664
-12.2897196655	56.9057644939	3.42605	2.98862395002	0.875135841341
-10.0194913489	56.7527543448	4.5076	1.43694604382	0.234080545743
-11.4590890577	56.8398983096	4.90494	2.16668748522	0.254922854304
-11.5301229803	56.8462231565	14.9632	5.39572233185	0.386624284952
-11.2086283833	56.8155759	4.92169	1.7211929901	0.197278880117
-11.2032734512	56.8153539872	21.053	1.77173982991	0.909060585567
-11.6467386891	56.8561877034	5.65705	4.33272922087	0.779790474923
-11.6176572169	56.8535484578	3.48422	2.53417218839	0.76082977906
-11.6842386746	56.8595067721	5.79561	6.19701356582	0.43396479832
-11.5998702609	56.8519692793	5.15823	7.92242897687	1.09381452468
-11.5144201073	56.8444934012	4.32634	4.90839863559	1.65222461986
-11.3318980858	56.828390796	5.53113	2.75533431338	0.320056014685
-9.96379317462	56.7890611443	7.7551	2.88895584051	0.592882752479
-10.5904970105	56.7527784043	5.15802	3.37355670782	0.961436909685
-10.3478669572	56.7141304782	14.6616	4.88923976477	0.965714728833
-10.7207611843	56.7681192916	9.41917	1.45113816455	0.146941787092
-10.7196041637	56.7681651288	1.92357	3.21356792498	0.0732501387305
-10.5434902291	56.7482184676	5.72793	2.53812763412	0.120276779235
-10.4762535821	56.7427901309	7.10925	2.69721674827	0.175873813092
-10.5945223996	56.7537420039	8.51643	4.34620785725	0.360103442783
-10.8842213287	56.7850887718	5.08807	2.94078669856	0.181425478544
-10.9773551395	56.7769267522	8.60299	3.63084911107	0.680228204849
-10.0072002993	56.9379100065	11.7573	5.19832902236	2.09236798246
-10.9853965308	56.8013383572	4.05211	3.38555269241	0.77346843849
-11.0175035102	56.7965090132	4.2498	4.85931397791	1.89111196498
-10.825344291	56.7831721257	10.374	6.01708403054	1.24100108519
-10.7275345327	56.7691297279	2.51423	4.12269138927	0.129375183299
-10.5935164658	56.7530014983	3.9035	1.64039591031	0.103749404969
-10.6308812186	56.7573747881	2.76229	2.66877278059	0.169732179754
-12.686170659	56.9368699474	4.31276	8.07866750759	1.55837584414
-12.3748055003	56.9129282639	2.56295	3.83200297984	1.51381524093
-11.8928707319	56.875972253	6.32807	2.98130305316	0.440951927628
-11.7307408645	56.8636193651	2.47554	2.93951953052	0.141169173868
-10.1924166527	56.7175464745	4.28657	2.98052833503	0.602260445175
-10.2306827816	56.7216869888	2.5666	2.00831520618	0.175294072322
-10.1151399245	56.7090736448	4.40796	1.35792297466	0.391232463938
-10.0900368356	56.7064645519	4.50115	2.96103436432	0.759621576529
-9.82723108532	56.6888905085	5.43477	3.86747563523	0.826676784199
-10.2553972473	56.7242448976	3.09017	1.29143896549	0.209622350556
-10.1855919642	56.7168059778	3.43496	0.51462881636	0.374403135058
-10.0423117006	56.7018401447	3.73119	1.39155973941	0.349810351086
-10.1511671456	56.7130731992	9.0332	1.33107752252	0.287442301852
-10.3507620302	56.7335022046	2.70889	1.25449207648	0.616859992604
-9.87932581615	56.9710681925	9.21375	4.29395213189	0.349917115015
-10.3571115967	56.7340607838	1.72251	0.900526723081	0.44271729273
-12.8908437714	56.9529611205	2.03692	1.72864721548	0.149351088736
-9.60639576366	56.6605866927	4.32303	4.96553752034	1.90245682841
-12.9454893502	56.7540858149	4.99022	3.80598819025	1.10641416043
-12.6327685481	56.8922588788	5.27368	6.17924797305	1.53331503406
-12.3546431112	57.0161185717	7.65597	5.46471171085	0.631019441656
-10.7406291007	57.8623588671	7.75332	1.85504416092	0.40818278475
-12.0695436888	56.6056156628	9.13861	8.15064739535	1.00531974107
-11.9268055145	56.6539575459	4.90092	5.3471896288	0.974629977488
-11.7237097013	56.7219176393	9.94769	5.55660462237	0.24010642
-11.6299939697	56.2805664324	8.80771	6.42962883863	1.47841526389
-11.7621666569	56.1719836638	6.80597	4.80162585623	1.78307813732
-11.8264131839	56.1195146524	6.62178	3.65767695954	0.348765065284
-11.3068154554	56.5413792902	7.73459	2.26810954096	0.295139448781
-11.1147779067	56.6922505041	6.74137	2.76890912714	0.375696290656
-9.80666691022	56.5985428778	4.23758	1.35040257872	0.334405772768
-9.88485944799	56.301087683	16.7015	1.91141378774	0.553635757797
-9.79980413553	56.1778948316	6.44402	2.5610765278	0.521889622688
-9.79812896549	56.0450006436	11.3072	2.96218900563	1.23876614636
-9.80139630236	56.2250381668	4.82263	1.37359442692	0.705101825755
-9.78449605913	56.145543171	4.8818	3.03507992954	0.221091600431
-9.81093287083	56.8658916578	3.09834	4.8085674944	0.29298650383
-9.77278218284	56.7456171007	16.4883	4.83245460995	0.398040160101
-9.82404294761	57.4842831003	5.37733	1.12253922277	0.495482258675
-9.82871102627	57.3777885555	9.47397	1.28738895933	0.390208106855
-9.82400572484	57.4977515012	3.90785	0.943436651229	0.211798882918
-9.82496096224	57.6861687301	4.16121	1.18528034075	0.231934666202
-9.83062017348	57.9819882956	2.94112	0.990657636123	0.319915412455
-9.81804411572	58.0919311991	5.27488	1.24308294623	0.623120670564
-9.79845487688	56.0936447914	5.56813	3.0582111078	0.525073831115
-9.78008113445	56.1189498958	6.35176	2.493373871	0.634714670303
-9.79859236221	56.1058793999	6.63098	3.76314514603	0.583783002335
-9.80833155214	56.6846972139	9.08391	1.93695677125	0.238794363947
-9.82296193008	57.4442422428	4.75464	1.62935066946	0.399021941688
-9.9459902292	56.1276908441	6.26213	2.2033908907	0.652142315268
-9.69564031855	56.1411408634	3.68036	3.86818288206	0.746739262852
-9.71232272124	56.2982290672	6.41377	1.54642920134	0.384081467327
-9.71090411664	56.2982981345	8.5497	3.01796208335	0.652964280141
-9.82357261917	56.2976572451	6.79726	1.56493210459	0.196479637889
-9.90429457831	56.2981037131	8.49856	1.89723808663	0.893768065936
-9.90397431064	56.297323463	2.87472	0.963748983084	0.0993264892409
-9.52002600687	56.3871077341	9.82454	4.4377070799	1.44274589446
-9.58925404448	56.3871613808	6.9722	6.87586591009	0.789211284698
-9.65964847883	56.3869950301	9.76988	3.46063108229	0.799499390314
-9.59159835321	56.3870651813	4.49062	6.29303855644	0.583492356286
-11.3686858629	57.8043852222	2.6726	1.74339167715	0.374555280918
-11.2094081012	57.7435659649	2.2745	0.561208475985	0.186382968814
-10.2858090028	57.3791432127	8.94885	2.00282446035	0.56480611352
-9.79846875052	56.0850320832	5.51631	4.30583675794	0.615793190972
-9.39488139125	56.7097009321	8.6163	5.73199786278	0.670071185759
-10.3325637205	57.4018259384	4.89889	3.64281426021	1.22296253756
-10.2482529636	57.3685015626	3.11174	2.77457235822	0.692857748655
-10.2039203116	57.3509564827	2.87544	3.08980714809	1.08634651691
-9.8886721432	57.2258604319	10.8023	4.09307331183	0.872031835095
-9.79494667911	57.190309097	2.16351	4.26026677406	0.831235748943
-10.1415732776	57.3259683422	7.96842	3.40296948428	0.898642975561
-10.1401138685	57.319741857	7.57981	2.49062842686	0.510471550432
-9.58737773772	57.1068973429	13.5988	5.18234857454	4.58058751501
-9.17728913757	56.8244065838	7.05875	3.46899528515	1.04268669216
-9.99465968646	57.1456889566	12.2056	3.96109992776	1.43664225543
-10.1639450309	57.2097857701	4.82443	2.13087105275	0.374336619639
-10.1667010386	57.2108770817	5.08667	4.83448875523	1.26531472921
-10.220519636	57.2550034059	9.44434	3.17066733094	1.35062444228
-10.322323539	57.2720334212	6.95436	3.02478400008	0.242981016041
-10.4324547973	57.3139605323	3.95063	1.7421152774	1.11477616217
-10.5231119068	57.3514438758	8.57918	2.99404011349	1.12769504018
-10.0871183463	57.180379411	8.78705	4.6739320873	0.717526545135
-9.92153208409	57.0584602373	6.897	5.04545231289	1.5047342613
-9.28027830623	56.8192693997	5.33225	1.30853640045	0.727871708922
-9.3383791515	56.841367335	2.54923	4.43480525279	0.362409083059
-9.49998248816	56.9051780493	3.8094	4.30602463463	0.40812544743
-9.81679532248	57.0221915132	8.01293	5.13959911043	1.29090063989
-10.2936013199	57.198091834	11.7558	3.16077598536	0.743781607476
-10.6513884414	57.3335564799	4.28758	1.38423199816	0.301840675877
-10.2529434084	57.1939857738	10.6011	2.12153928575	0.684544613858
-10.1466037765	57.5993479992	5.40083	4.95093856857	0.910644968005
-10.0268109096	57.6872218722	8.48624	4.45704100962	0.620074046513
-10.1286350168	57.6124650941	5.10004	1.97232682124	0.499054701194
-10.0603209526	57.6625912459	6.94973	1.73038698398	0.450283210393
-10.3127732269	57.5468917045	16.0561	2.86977386831	1.61836344791
-10.193073317	57.526014913	8.04832	2.14038548966	0.677977490304
-10.5520657707	57.2995281315	7.239	1.57138720172	0.528069165265
-10.2716353523	57.4540302514	13.5211	3.75694549025	0.501463379209
-10.3806444892	57.4270675971	5.76222	2.6863268583	0.664211693634
-9.95100302404	57.7441346835	12.1752	2.14438605832	0.623280156638
-10.5172128353	57.1576395071	7.81817	2.30490054691	0.55394575272
-10.9186723044	56.8467489249	3.32146	1.26321266883	0.0678158685255
-10.8784540208	56.8787202116	3.59033	0.925351431763	0.160894812904
-10.4534573165	57.0477737907	2.08212	1.60520303592	0.0972995915085
-10.4409259931	57.0566656892	4.50308	2.95808634623	0.283126474177
-10.0985380726	56.9074000429	10.9911	4.84698879081	1.63674556465
-9.83088139225	57.1412532349	4.04788	4.04973655822	0.62273644961
-10.0425617971	56.8046445084	11.9828	1.34506652656	0.373132942285
-10.4222585677	56.8813291011	5.36295	3.2374712957	0.485635800059
-10.3315691191	56.8626811247	3.26919	3.00465089049	0.509817902381
-10.3217459889	56.860812168	8.86798	3.70770767893	0.417883496564
-9.3121864267	56.653158106	1.63271	1.94019390444	0.155246561045
-9.06295492281	56.5973068758	2.10904	0.929396036339	0.159623732639
-10.0803546553	56.8120963579	5.92591	3.46590611304	0.387813191964
-10.0478911146	56.8056153754	7.41447	3.1423865522	0.523252026673
-10.1626499644	56.8284385194	2.931	3.43143517229	0.253017932366
-10.2372140471	56.8435736667	8.82597	2.50514665587	0.407679720474
-10.8437733232	56.9749279847	4.87495	3.70982858359	1.0212874641
-11.1664123748	57.0391809682	3.10977	1.12248775964	0.134298281671
-10.2805559074	56.6918590641	7.8955	2.21723887974	0.172686764895
-10.2497984107	56.6807409932	4.08726	1.59344423304	0.180746697543
-10.2449832969	56.6789591494	2.07537	0.791041099235	0.166650033532
-10.2444274245	56.6788915236	5.2379	2.77622470281	0.396177031059
-10.5954385503	56.8063732549	8.13554	4.27607818632	0.70385072589
-10.649699978	56.8255743735	3.44974	5.35096592921	0.599428319387
-10.7842228685	56.8716884119	2.96243	4.40529036232	0.371395666151
-10.554917603	56.7920716705	4.52267	4.66677514174	0.270185560081
-10.6435930453	56.8234089951	8.48666	6.19839367497	0.616729221759
-10.7727847571	56.8678369238	5.72447	0.8734217497	0.244642456702
-10.4843693078	56.7658027577	0.625179	1.47448797946	0.0414258976373
-10.4550480905	56.7551195595	0.800537	1.11633148044	0.0793593243717
-9.56245412611	56.5518611082	12.7136	3.61483790023	1.17237229065
-9.54009230403	56.5440729909	8.13892	5.06086790822	0.842846119911
-9.78417538043	56.6309993556	4.87243	3.51177929878	0.289188717148
-9.7881990759	56.6324278793	4.75974	1.05556032108	0.35129754912
-10.0654329274	56.7344644694	4.75506	3.1643145351	1.50065535691
-9.90728633885	56.6776933781	2.57729	1.97155329821	0.442704474597
-9.87200412934	56.6631062912	4.24023	1.10428474963	0.498490538213
-9.83760996905	56.6497312499	2.37193	1.99766161299	0.153145197824
-10.1025582228	56.7469804346	5.20309	2.37261059369	0.811451209746
-10.3269721939	56.8216565235	2.54539	1.66929202278	0.148889679486
-10.1952739854	56.7778658225	11.9566	3.4216680597	0.831529300105
-10.1250646423	56.7545448953	4.17615	4.22021391653	0.888040127234
-10.4319545419	56.8587271724	6.83779	3.7705247675	0.640034616791
-10.6794841674	56.9460102751	3.62942	1.50463278119	0.109904218901
-10.3858108108	56.8425140239	2.83111	1.86119809929	0.285215759287
-10.4633324056	56.8697793411	7.93027	2.98327176918	0.152033385931
-10.6459530447	56.934091325	5.89331	5.50624155643	0.359767110387
-10.3395434761	56.8260893575	3.79649	2.93104629785	0.638537483074
-10.0636753098	56.7338912645	3.27866	4.26322167704	0.434784885403
-9.94815163912	56.6932776983	4.4748	1.34094422928	0.196087977368
-9.4597235228	56.5142246688	7.59917	5.15791684505	1.47954654989
-9.92957813307	56.6859124994	4.85409	2.3893204447	0.500760967152
-9.21833864987	56.7184896971	3.92504	4.41614479763	0.552996989905
-9.37029493987	56.777829712	3.2262	2.54311700837	0.402211214703
-9.43033029215	56.8015908262	1.48938	2.08315904097	0.280009085163
-12.9581386727	58.3002606355	9.58089	1.05687609947	0.776805425816
-9.96767343597	57.4228348914	8.91052	1.1695239825	0.961230338582
-9.97774525531	57.4342726383	15.588	2.92048544579	1.19724664886
-9.9296150788	57.5273968595	3.69619	3.17704664181	0.389236383938
-9.93102594347	57.603513282	8.81251	2.993946365	0.962518388524
-9.92095802799	57.5741494431	6.13942	3.03153310408	0.710851817917
-9.93248213986	57.7005300055	5.73219	2.33946328144	0.357481318165
-9.93266792667	57.7337194484	7.06128	1.90412983712	0.275713363809
-9.93437403193	57.943017976	6.72382	2.17544451216	1.09094952868
-9.93144113199	57.6424269815	3.45642	2.6496239254	0.193451405487
-9.898562353	57.8599507537	13.1473	1.39393661153	0.916059396975
-9.93212281016	57.793393565	4.63205	1.06835868713	0.128603970119
-12.6627683984	58.1477379354	4.81571	6.11254342	1.74267611491
-12.7565624748	58.071266747	7.4212	1.35135035411	0.303138104717
-12.7094487885	58.110702144	3.75146	1.91922182271	0.623687988899
-12.5698611772	58.2204495666	1.94944	2.75625609092	0.676837455223
-9.18640500778	56.8982048004	5.55689	2.41083062951	0.802073994423
-10.9064754056	58.8263461433	8.70868	2.91629033045	0.433633894079
-11.0658413437	56.5243956733	7.01677	2.56610097538	0.813291205863
-11.4600143493	56.6779476886	3.75552	5.29761531653	0.312510751791
-10.6939223968	57.1989518077	4.25011	1.16989109524	0.466008955981
-10.6267930757	57.1733803891	3.38876	2.26160695086	0.456133280022
-10.6048720582	57.1650272203	3.95181	0.825385976791	0.248173731465
-10.6062162718	57.1655514389	3.22644	3.31388532748	0.566780941275
-10.6401884599	57.178459997	2.16314	2.0394145539	0.5071813201
-10.5678535525	57.1509665568	4.93962	0.740722478617	0.254177845603
-10.5269309134	57.1357633237	6.7621	2.67412615428	0.503232154915
-10.6728300089	57.1909300799	5.83818	1.58380511199	0.689682896712
-10.0008121068	56.9358864548	5.47633	3.35794193151	0.960054565734
-10.735961108	57.214915364	1.94987	1.13478506911	0.23927875923
-10.5327038188	57.1377275656	4.08754	0.823812019465	0.547464197131
-9.76853853987	56.8360438669	7.92371	7.17917929839	2.53232725189
-9.97021983716	57.4315585102	7.22557	0.77359278807	0.357176079134
-10.2022567575	57.5225312709	13.1492	1.97507872483	1.14572961016
-10.349039082	57.5797106784	8.9241	1.05682081326	0.809331524688
-10.5270179481	57.6488021817	6.12651	1.8020370304	0.499963083489
-10.4771497369	57.6294548085	8.07479	1.59995103154	0.31319114971
-11.0999386711	57.8696989958	4.67476	0.446971811537	0.227628355169
-11.0158348992	57.8379255823	2.61291	2.90092005126	0.174918344225
-10.9677309269	57.8192874208	5.6505	1.71604046787	0.571004939928
-10.6087521509	57.6805939661	2.92463	1.98383862666	0.550339203656
-10.5186680498	57.6455038411	3.23817	2.56195788102	0.728144431036
-10.3494431115	57.5798910237	5.61161	2.26119485431	0.271030043326
-10.3008382873	57.5610213549	1.78762	1.6766187746	0.91453004417
-10.9074270863	57.7958789008	3.61304	0.879177304199	0.704591825209
-10.6387660049	57.6920743965	3.39883	2.13185286059	0.641944722675
-10.8238407675	57.763538748	1.61287	1.73798655939	0.253292208453
-10.8153699552	57.7602158052	3.88872	1.81929611045	0.658284621302
-10.4835740797	57.6318694667	2.73705	1.03559451131	0.0649165028196
-9.45758800469	56.8325168179	9.83237	7.44003060979	1.78798439059
-9.73474864536	56.5749948182	6.05226	4.73043930571	0.759218749928
-9.61945293001	56.6784480561	5.87222	4.75610091538	0.425034951091
-9.74271438545	56.5676671677	3.92523	2.55102873391	0.602325026201
-9.5250226262	56.7620655699	4.86278	8.50221842619	0.415654279459
-9.51733657192	56.7688281218	3.43804	4.09413021769	0.144532596334
-9.46243812523	56.8222800825	3.87055	5.74187052117	0.398544382985
-10.4101876553	58.0953541573	6.85072	2.81857653203	0.766351172269
-10.499835288	58.1281543834	6.97649	1.07840057732	0.411272252446
-10.1483525725	57.9848250695	3.73979	0.9514470405	0.839997698264
-10.3368394171	58.0655448046	7.45705	1.33726646745	0.204323259294
-7.05427672238	59.5900906315	5.45748	6.84850962803	0.626255084351
-10.3762092005	58.0819021129	5.28606	3.6105845498	0.461914547711
-10.6490810055	58.1821797836	12.0557	1.63241842413	0.317845541283
-10.6285713515	58.1742922378	6.34807	1.31611924928	0.357219313782
-10.7170425721	58.208169825	3.82938	2.35308858679	0.238613357708
-10.27404155	58.0389533808	2.87857	0.608393239272	0.394929958669
-6.64653623384	59.3194154483	1.93741	1.3946122768	0.0790600196255
-5.78033567597	59.8839172272	3.4539	1.8441562987	0.341865157935
-7.39895464384	59.3864134461	3.03593	6.42462144106	0.708861545953
-10.1613731467	57.2788124928	7.92814	3.27307964064	0.536921348047
-10.2417305032	57.2152424264	7.40782	4.52354844012	0.754009775322
-10.3112772227	57.7371129483	6.14114	2.67404517033	0.946837010256
-10.2150783848	57.6986520091	3.76449	3.16387545117	0.402101039247
-10.1848262986	57.6865545979	2.06299	3.49341346957	0.734632676593
-10.017805032	57.6194603438	6.47398	3.0338403192	0.500231606791
-10.1668254758	57.6793828768	4.13847	2.30268882593	0.840079152541
-10.2453580132	57.7107399916	3.41493	1.19325598764	0.400759473544
-10.2732767709	57.721811991	2.00166	1.13374354296	0.69513269775
-11.2685246637	58.1201582638	1.84913	1.20422578618	0.590043187119
-11.050678714	58.0363364315	3.64998	2.93582966126	0.391916815012
-11.2050832221	58.0946146688	6.02416	1.05903068915	0.357065562659
-10.9690672832	58.0054307364	2.67506	0.700182886784	0.402927343104
-10.5447579826	57.8335968117	2.39961	0.679129210917	0.377733964834
-10.630171819	57.8682609131	3.65025	2.10618381493	0.349399510566
-11.0162601114	58.0235662756	2.212	1.36971239492	0.0427872838072
-10.7746909854	57.9264902628	3.13853	1.83297367219	0.81308140637
-10.6929736571	57.8932619564	2.6751	1.95726095291	0.381917597829
-10.707456638	57.899164587	5.93786	1.0032406245	0.269306939141
-11.0431944448	58.0335897919	3.49976	4.17102839589	0.495921419632
-10.9975361253	58.016427948	3.31189	0.850613605433	0.320154560476
-10.8249340305	57.9469198468	3.37687	1.09853653087	0.50634215255
-10.7225351616	57.9053011237	3.31269	0.41871965487	0.32069336985
-10.6904816562	57.8922256211	0.975024	1.07823890346	0.233397987694
-10.4779814574	57.8056381513	5.9857	1.21035933255	0.418773715821
-9.87371192257	57.5602255376	2.89969	1.99844151767	0.558258240633
-11.1572216057	58.0758502213	3.55052	2.75720232122	0.326598474797
-10.6430799051	57.8733091985	2.4755	1.14799222724	0.647388677095
-10.5780529774	57.8472296232	5.33441	1.26768760165	0.213605671059
-10.4955708026	57.8131079081	2.11378	0.296024901841	0.138572916407
-9.99117509752	57.6087718249	3.65031	1.16588994923	0.0694975901877
-10.4728963087	57.8035466414	4.97297	2.06659711438	0.519694432152
-9.6740598529	56.9115511263	3.14849	7.62856938928	0.263949174136
-9.59438782102	56.977797207	5.87601	4.80782035579	0.86297954325
-10.2681003564	56.7707905771	6.52774	1.1752912161	0.0852379070084
-10.6427503661	57.2520134613	2.64985	1.51405558169	0.445155447206
-10.5618471376	57.2227988334	3.50609	1.6695192229	0.306781329913
-10.5038300431	57.2022043777	3.29243	3.34113605165	0.546890357219
-9.87226477098	56.9684436334	6.60067	5.67800929075	1.21256721273
-10.1206535297	57.0596887051	3.92243	3.47756580359	1.10916703064
-10.4442625749	57.5269496952	2.66124	1.62767946314	0.730115382978
-10.1013041496	57.3927000964	9.48957	3.55615926864	1.6200041702
-9.97477193805	57.3442522174	5.43877	3.24701919389	0.424999255982
-9.96697832535	57.3413510511	2.40078	3.21929563277	0.697743473544
-9.72067093356	57.2458686791	4.26392	3.5029033398	0.976835447395
-9.73475485233	57.2513146301	2.17602	4.01668421306	0.576846250581
-9.76706528612	57.2635446582	3.27984	2.67599544041	0.426552695773
-9.98115702343	57.3467564447	4.33922	4.05917410986	1.04296391202
-9.92562588827	57.3248954934	6.23196	2.00974182632	0.291991281201
-6.97870150487	59.2023411088	5.92377	1.14735766646	0.348796395201
-9.4293779026	56.9291127762	2.26373	1.3554165018	0.207091443736
-9.99421368718	57.1451011308	4.5	5.24642461521	0.284651794639
-9.27147583183	56.8691031869	1.18813	3.99420743664	0.150466616115
-12.7514299919	58.1184466971	2.81294	0.421513208329	0.215253710321
-11.0037130748	57.0081079937	1.82202	2.15441526542	0.0909106984695
-11.0557063932	57.0181743422	3.13338	1.23141135251	0.251258512504
-11.0142704512	57.0101397101	1.78433	0.926917208862	0.225742497819
-9.93214645512	56.7827309472	5.96437	3.87289239134	0.760815792794
-10.8502058155	56.737149567	6.10503	4.80571365445	0.865266254809
-10.4345549362	56.859754483	5.59922	1.30720433808	0.232724337519
-11.7155373312	56.7244860536	7.22193	4.25122000418	0.183724039501
-11.536312946	56.7863341508	2.80041	4.82741751625	0.644742999479
-9.66976225337	56.1422434241	9.56491	2.54788297828	2.23212499871
-9.94637685759	56.1331366086	3.04306	2.20251525614	0.290559480976
-9.75730055472	56.1231076574	10.1925	2.65916413268	1.19253456267
-9.6199699784	56.1438506816	3.29662	4.29791559589	0.223244132988
-9.89446133788	56.0597144275	11.0768	4.64294886437	1.52044079043
-9.65881699268	56.8212384273	12.2623	5.00268482542	1.79142301371
-9.64823280066	57.1120269965	22.8031	3.18598173342	0.656782324078
-9.94610929053	57.0728866191	25.925	3.66742974887	1.03992011541
-9.67172913974	56.9714725182	5.05532	6.2080373881	0.895885619612
-12.5542524807	59.7465176249	2.9372	2.27963115583	0.297712806505
-12.4360352013	59.5073119939	10.7947	5.36046162032	1.43489725194
-12.4250943118	59.7482607377	3.15633	4.80196836479	0.663654456582
-12.3885919642	59.7765357842	7.01791	0.849760081275	0.693530636572
-13.2551172949	58.7827414406	2.23719	2.46680704267	0.410950991136
-13.1963202046	58.9188085581	9.11945	2.69800720303	0.950836277786
-13.1250095844	59.3473104665	4.56441	2.8364457537	0.636633828501
-12.9323311797	58.8416250603	3.9752	1.48392671239	0.90010789797
-12.8567228897	58.8152921159	5.94917	1.81338684977	0.476434921475
-12.8935241977	58.8283159156	3.24947	2.15769984775	0.327676126544
-12.7891904994	58.4631029428	4.03753	1.26827047224	0.498493862605
-12.5601404017	58.377488236	11.887	3.78333882829	0.520251336337
-12.6157508039	58.3983806001	6.46196	1.44207229364	0.445857497161
-12.4688359273	58.3431231211	4.58744	3.76972663366	0.742390552326
-12.3683302053	58.3047144367	4.4973	4.66619804616	0.33128034899
-12.4012420452	58.3173310886	7.42354	2.13960225572	1.34397248372
-13.3103017475	58.6530492665	5.47498	2.66355123177	0.321755618545
-12.5649315241	58.0716307438	2.8494	1.71959917062	0.827785300262
-12.5829335897	58.0786617689	6.4125	4.52343815893	1.10692901318
-12.5855551932	58.0792060194	3.88732	1.59250975173	0.511224599144
-12.600774535	58.0850105749	3.1008	2.72578237417	0.916662399554
-12.65169389	58.1041158345	4.56192	1.59318802316	1.13101324915
-12.7910870209	58.1554018054	2.4499	1.04879336611	0.912467227455
-12.8995903928	58.1964702888	9.08706	4.26657621802	2.13764648403
-12.8873988959	58.1919720589	5.21239	3.51025643672	1.28932262425
-12.8606293338	58.1818451464	1.71248	1.81635391743	0.51719759793
-12.8465837635	58.1765002117	0.749988	0.341310549953	0.198341762648
-13.2631425876	58.3293231989	2.58735	1.13195581055	0.213848689737
-13.2623357987	58.3290485476	3.82486	1.52056470919	0.961346951626
-13.3421150794	58.3581295521	4.65028	2.22811959744	0.381176416623
-12.8253838274	58.1684388184	2.42489	1.27490619723	0.329950911351
-12.8252118585	58.1683729539	0.749965	2.07323730682	0.102811708816
-12.7037890007	58.1232305546	3.5628	1.01833380297	0.176124317187
-12.8289299918	57.9301840223	5.17725	1.61315170073	0.461699552075
-12.779165417	57.9120617167	3.80122	1.92094999486	0.253894711738
-12.5035005787	57.8106904279	4.52252	1.54918295095	0.269777396532
-12.549249793	57.8276427874	5.05035	2.73505809363	0.723388863418
-12.3879899615	57.7677304397	3.0024	2.44907658613	0.0839221656368
-12.44483678	57.788923946	5.4996	2.45750071959	0.488169326659
-12.0495052325	57.640729802	8.56123	1.58414868856	0.204116077086
-12.1849565812	57.6918510965	10.2893	1.93850587422	0.792402712175
-12.4421580757	57.7879251576	5.91232	2.70766394945	1.30091171499
-12.3454329567	57.7518744968	5.35106	3.3174606011	1.0293150097
-12.5760961746	57.8374210384	4.93552	2.02734319848	0.394534714797
-12.6953987405	57.8814833961	10.6759	2.22949426629	0.585047762381
-12.6987917531	57.8825973737	9.07398	2.76657468137	1.10271608713
-12.2543674012	57.7179251567	1.20007	1.08741596444	0.952271761603
-11.7696519044	57.5342774297	5.53554	0.486416202864	0.225646969158
-12.9843979335	57.9871313969	1.84891	1.10030866731	0.104194887929
-11.9324448081	57.5962790646	7.65286	1.63381150196	0.796723754343
-11.8748854636	57.5743383506	2.31122	1.2099325924	0.458588698351
-9.4296368574	56.594283082	6.61565	7.30588568357	2.11489283191
-9.59488521563	56.6749537112	7.73811	3.26397609323	1.0953429033
-9.66461237549	56.6922773332	3.02535	2.2688054388	0.978454466548
-9.96171089493	56.8160429458	10.1003	4.32686648652	0.789538599245
-10.1519992374	56.889963661	8.54194	3.23712082733	0.36853809297
-9.98655455139	56.8459375883	15.2877	3.7806590116	0.780573981443
-9.83624447052	56.7641249847	9.02673	4.79250962336	0.933375046378
-10.192607597	56.8991302914	16.7824	4.74409499331	1.21209880004
-10.6280666159	57.0870566598	3.90867	2.16036442943	0.440871690179
-10.4980723623	57.0437084698	8.91144	3.19683627347	0.848676097999
-10.5871323453	57.0706689212	4.62426	2.00154609629	0.690384270861
-10.4296263889	57.0072197598	7.3723	3.66043911403	0.908880864715
-10.2814078296	56.9471059084	10.2492	4.09217169593	1.15328968886
-10.7407318914	57.1322012938	6.13717	1.1504668367	0.421671241645
-10.6921113994	57.1127162614	6.1761	1.55731187866	0.616900707026
-12.3752837668	57.6386727748	11.4533	1.90661127835	0.732962221538
-12.363751977	57.6339202362	3.32421	1.47374165834	0.169668373952
-12.5267615533	57.6931413016	3.03374	5.40820922807	1.10204989296
-12.6725132846	57.7601188421	7.9936	2.9452436685	1.04936014118
-12.6221191948	57.7282955208	5.54413	2.65984175892	0.785550139802
-12.6775015149	57.750237815	4.15125	0.802892887151	0.102029831407
-12.6769926341	57.7499256223	2.30248	0.147307060629	0.129006030547
-12.3359075593	58.4069160375	7.12207	1.40649598115	0.565069699775
-12.3380574214	58.4050438977	5.78532	2.31020109659	0.868392293758
-12.4166466077	58.3430629422	8.38166	1.94819927349	0.457426287135
-12.8540305946	57.987740192	2.83909	1.14019302295	0.587435048377
-12.8318691747	58.005982863	2.29813	2.20879431141	0.567330803529
-12.8027129062	58.0315103145	4.32804	2.69875701685	0.73018933164
-12.7516004392	58.0756969317	5.62361	1.29016223826	0.613841709382
-12.7018909849	58.1169382201	1.65062	1.01980187545	0.108044154606
-12.64598766	58.1607841847	7.80533	0.930049444111	0.239358717197
-12.5573726124	58.2306177354	4.02401	1.83564428275	0.401893219482
-12.8092213442	58.4183745992	2.33759	0.938027381549	0.279019712404
-12.8329962815	58.4002132076	2.24728	2.07380983621	0.203379205464
-12.7373911603	58.4756051818	3.17617	1.02215515337	0.321044145403
-13.1099366989	58.1766060506	4.82331	2.00287559789	0.175916875784
-13.1350650224	58.156543953	2.76223	1.91696884024	0.390099297581
-13.0632618647	58.2135526662	2.94893	1.74532090496	0.623229452931
-12.7488061247	58.4663018347	2.76405	1.67315743395	0.248699058146
-13.3173970866	58.3696987371	5.74967	2.41464541855	0.525289159118
-13.3585241379	58.332514476	4.58893	0.93029113749	0.2254621818
-13.2744179704	58.4018789352	1.18749	2.48348116395	0.227792980656
-13.2792457281	58.3979736691	3.35021	2.65288325766	1.1076078761
-13.1394071504	58.5082043939	1.06392	0.689168789589	0.305255600497
-13.109495033	58.5313086092	1.50093	0.922904135448	0.272989116874
-13.1243908047	58.5197038262	1.31371	0.497730529962	0.120494310106
-12.8712178493	58.7261555065	3.06234	2.60382322369	0.409673613005
-12.8472902951	58.9214543865	5.43805	1.79352545167	0.464143674537
-12.9273334861	58.8975484522	3.64059	1.34958946484	0.297171446802
-12.8532988017	58.919774986	3.57554	1.11338254067	0.20135909899
-12.8074280404	58.9331023814	2.21189	1.15392300677	0.109482508427
-10.6360908959	59.5383651483	7.8381	4.22937295754	0.602485874261
-10.5581309398	59.5588370828	5.91196	1.06171148726	0.460414115168
-10.6596961285	59.5321069253	3.90087	1.58935904267	0.398325495021
-10.6414899151	59.5369483924	6.35076	0.802491854377	0.659507867032
-7.04142385185	59.5845548057	7.38718	4.66027268737	1.34942990979
-7.45922317732	59.7557418885	14.2334	9.01257804379	1.07344161184
-7.39578015468	59.7283729403	9.02398	7.73604445354	1.3759338176
-7.05012104921	59.5883129278	6.17159	2.49346941527	0.707440455551
-6.9596500789	59.5497809487	5.0232	3.07803303386	1.61121910742
-7.29035663967	59.6837790894	4.57947	3.83678065101	0.358967919568
-7.216368081	59.5809997481	6.73197	5.87110441687	0.779293888883
-7.32722407743	59.6274841763	2.85659	3.02202725239	0.201854793784
-7.16251983086	59.5583509526	5.76109	4.55022043715	0.338853830192
-7.41450964049	59.6629616123	3.19897	2.83901032355	0.317058685321
-7.36162303166	59.2827290329	3.53249	1.30507839399	0.322333854456
-7.37622388365	59.2882246323	4.09644	1.67901384982	0.180704510143
-7.34612766303	59.3666499825	4.05947	3.20746888311	0.544981244267
-7.33502917994	59.3625203274	1.19894	1.90179378402	0.275111369827
-7.30677566707	59.3516626957	3.99663	5.3317602551	0.748633878777
-7.27144105991	59.3382802907	3.28023	5.32498746863	0.83037715799
-7.14060518897	59.4335037382	4.13794	2.58512054574	1.32210860588
-7.28622299739	59.7556522374	6.4174	3.74217890522	0.429281086851
-7.14306920379	59.6995411247	4.12524	4.97011756337	0.444415549205
-7.10037400054	59.6824078833	7.36457	4.28517326348	0.666500007368
-6.93322541765	59.6156471645	5.01501	2.07870094555	0.576816509545
-7.72117450106	59.109000945	10.3431	5.00776450899	0.676159505153
-7.63468276034	59.0661223664	3.60337	3.08842735923	1.09526455307
-7.65471430891	59.0555543075	11.4244	5.43162183358	1.68361014285
-7.7460134368	59.1192538555	6.12008	4.48699452756	0.662094894957
-7.91244238883	58.8796789207	3.91585	3.41984871066	0.38795280049
-7.88631803939	58.8963898988	1.76922	4.14525996368	0.133984515864
-7.85206168647	58.9183266855	6.13043	2.49712061088	0.842712281486
-7.96741092031	58.8440448158	1.27374	2.63548924014	0.245050775297
-8.03228057212	58.8015573643	7.24917	4.01833312636	0.475919014947
-7.68149139566	59.0344259216	1.6336	5.58967322878	0.40288429558
-7.65206433674	59.0555157835	2.36939	3.22349760972	0.523368949535
-7.63799204969	59.0652486596	6.12583	2.10410470884	0.392150219842
-7.56618620447	59.1152136721	5.93872	4.20180793981	0.709155232648
-7.55392692455	59.1236079925	3.70076	4.52945579435	0.969056899219
-7.61240506442	59.0830479497	7.69628	4.61746299142	1.24757655762
-7.73580193515	58.9972419836	14.611	5.89488413821	2.08570946271
-7.69580348435	59.0242344511	8.04947	6.75462035248	0.634559016306
-9.86543057122	57.5015479239	5.70308	2.10651165495	0.703711228019
-9.79711950075	57.5517892683	2.37644	1.72277558585	0.851575666177
-9.75871948985	57.5801127924	2.7752	3.11111422197	1.05815006601
-9.88609111098	57.4860426252	5.74758	3.53847401298	1.16242134348
-10.0919549583	57.3323364135	9.55396	2.42477519107	0.590537740125
-9.97107046739	57.3932504981	10.0552	3.32121036824	1.03391491665
-9.77783329537	57.532714121	9.02272	4.15893777517	1.75860903313
-10.2483089779	57.2048555093	9.04815	3.38816615584	0.872252309098
-10.389314862	57.0951419617	3.03152	1.54250492545	0.500723849997
-10.4195078396	57.0717291094	3.03824	1.6888748639	0.365592896056
-10.3030596556	57.1652199959	5.44645	4.38540061223	0.787140214776
-10.3053359783	57.1491609423	8.655	1.58391747714	0.68814634981
-9.92228445144	57.4588359666	2.29218	3.09896067794	0.675787890111
-10.3134587123	57.1386036742	12.2317	4.45643480065	2.02865435043
-10.4376497459	57.0583099953	1.39699	1.18311012428	0.185405516583
-10.3630218041	57.1161693072	3.15741	2.2491650917	0.24336707319
-10.0643517651	57.2858576534	15.8895	3.44095933073	0.992331119492
-10.1621404424	57.2562080965	6.2688	2.36029459319	0.615637897324
-7.81031641726	58.9452191464	1.3993	0.594111054521	0.387881224774
-10.2480822463	58.234952288	4.18742	1.95347285719	0.820190189353
-10.3292461646	58.173937302	1.54852	1.31715347412	0.457379947248
-10.3163469626	58.1838158779	1.27377	1.31186413023	0.387670254594
-10.3836357051	58.1317070323	1.53665	1.1742456772	0.869453207278
-10.4689829464	58.0651959658	2.7652	1.24756339657	0.275446699205
-10.402744141	58.116931545	3.77444	2.18137366277	0.772292650342
-10.4522531161	58.078327521	2.43951	2.50709586362	0.245154723627
-10.5523930472	58.0009256443	5.12634	2.152301708	0.447859301576
-10.4132090908	58.1088203333	3.26297	1.19367637488	0.292817393675
-10.8073934884	57.8144421107	1.43842	1.32056832814	0.186945097915
-10.6769959621	57.9072863512	3.00513	2.30309386077	0.445381760424
-10.897807837	57.7455516486	1.77464	0.910868989954	0.221992456945
-10.9418868373	57.7149013547	2.99326	1.3082016978	0.201132670494
-10.5878668242	57.9737174411	4.41708	1.38031880598	0.611986611883
-10.4670374872	58.0668709934	6.75597	2.41018325513	0.239568938728
-10.3546469759	58.1542455402	3.65875	0.822131279392	0.128952662926
-9.91937175952	58.6674564735	4.11253	2.75206678764	0.365502228105
-9.86064198956	58.7048291196	6.67404	3.69799979404	0.695256526017
-8.44595774397	58.8375980907	7.7737	5.004739293	0.158646770942
-8.20244506319	58.7377572317	7.74621	2.96178885955	0.685529718875
-8.45727728544	58.8802242275	4.27948	0.832718047685	0.764186271652
-8.11517321102	58.8312505129	4.45946	2.29668607297	0.619714856403
-8.02724021972	58.7982161135	6.01107	1.71638381001	0.526288179729
-8.33135028669	58.9183889113	2.38942	4.9758718486	0.442899884503
-8.31133017839	58.9101121765	2.53947	1.79780864801	0.911686336051
-8.24996394629	58.8850664448	2.31497	4.23562126525	0.303900974166
-8.09463571346	58.959017932	4.89896	1.69515784173	0.806550535278
-8.0015158923	58.9231445245	8.51953	2.62278725505	0.822151240759
-8.03003292621	58.9341523225	5.4212	1.08666293905	0.318973515228
-12.8944982375	56.7768757028	4.20462	1.44854728511	0.442587942487
-12.9316635475	56.7604851751	3.45395	3.13563960163	0.557003472429
-12.9418857442	56.7559933843	2.1023	2.82478262212	1.04081464844
-12.9573669733	56.7489286874	2.73841	4.24258539575	1.03479932548
-12.8963872351	56.7760152939	2.17737	1.58179450122	0.452022932693
-12.9220117439	56.7647390216	3.4915	6.596264836	1.25913742941
-12.8950386906	56.7766182197	2.86565	4.5443737771	1.74447261243
-12.994667935	56.7310548877	3.37212	5.76807447926	0.345848706681
-12.7048998194	56.860436611	1.8501	2.55286284117	0.433015139206
-12.816406859	56.8113144692	4.59019	2.77347254973	0.675377846258
-12.8488136602	56.7970483363	1.58856	2.06861926238	0.745641211931
-12.9269604681	56.7625610248	1.73951	2.60927038413	0.283174974907
-12.740659941	56.8446791344	4.701	3.70943938505	1.4298959802
-12.6855146061	56.8689915608	2.68745	1.69152069288	0.232189585746
-12.6777727013	56.8724048665	2.49987	2.36626147765	0.337053098749
-12.5883322814	56.9118883888	2.83694	3.20534962514	0.33652630483
-12.6450444863	56.8868277022	5.29891	4.21883963227	0.796468721835
-12.683745946	56.8697573804	1.91244	4.0256921763	0.132279341952
-12.6672364501	56.8770491131	2.62471	2.43585330499	0.0895884857137
-12.7811917155	56.826888955	9.11636	4.03817311204	2.43762982709
-12.75687044	56.8375467586	4.31387	3.37340654538	1.18033938574
-12.4983750746	56.9518895801	4.43509	1.89955164359	1.03606263927
-12.5401624921	56.9333878962	2.73731	0.137716481379	0.0847621523105
-12.5569071714	56.9279814282	9.2754	2.00995949579	1.72435324134
-12.56785701	56.9385209637	8.14985	4.79732110094	1.64141798419
-12.3853449438	57.0020974399	3.21558	2.5330785583	0.680523324885
-12.4335395274	56.9805388258	5.48681	2.09381821661	0.506248269133
-12.152537116	57.1073288691	2.71255	1.13149029174	0.0607984730267
-12.2243240006	57.0751415614	10.9643	4.3631975887	1.70357341054
-12.3493651343	57.0261885373	7.53657	3.47453950799	1.33366814484
-12.2328738387	57.0712587772	12.5648	4.44553162505	1.84306883511
-12.1183367064	57.1226077359	3.32488	3.82043365509	0.239833115708
-12.0601538155	57.1481882973	4.58699	2.18361107869	0.981097320963
-11.7630749198	57.2793287051	3.82515	1.47281417143	0.549968542526
-11.6785437505	57.3159311378	2.89967	0.137335029303	0.0993609112141
-11.7079287804	57.3031962163	3.78749	2.59468978196	1.10746718233
-12.0228028975	57.1644980284	1.68745	1.31078846004	0.263654312459
-11.9981237095	57.1754129696	4.43796	4.95322320833	0.39162219436
-11.6201515568	57.341472102	6.02159	1.45302531444	1.32039009387
-11.8076041665	57.2592861995	28.9592	2.69279261487	2.20319221334
-12.0024539333	57.1735013337	4.21289	0.593137291508	0.511320597491
-12.2137096208	57.0799558798	8.81375	7.45252401184	1.98487822603
-12.1155612704	57.123774304	5.64962	5.20189003484	0.977520410411
-11.9654317826	56.6409808724	10.7268	2.52114751935	0.494611111704
-12.0049826296	56.6276645294	6.13838	4.54545358481	1.26145151288
-12.1073602113	56.5927219377	5.5482	6.35755998131	1.25373960221
-11.8600236316	56.6761480074	2.96381	2.42443845192	0.674883205163
-11.6522808647	56.754038658	8.22939	4.68496560546	0.610625195224
-11.4469283781	56.8166737447	5.4896	1.39263461063	0.362059107598
-11.4198600078	56.8349217935	8.75146	3.49277311452	0.941114549405
-11.3015578071	56.8638783028	3.80405	1.27727096138	0.415866746645
-10.9397980825	56.99426822	6.33097	2.84892616222	0.805041955876
-10.8356239671	57.0846700863	2.38068	1.2357830498	0.079517040939
-11.048754353	56.9480083281	1.94852	2.07393023253	0.57890244818
-11.1205841523	56.9220855308	4.13766	2.22910461732	0.357518823039
-11.008575195	56.9704789354	5.11185	1.8166388595	0.506690515534
-11.2189035151	56.8903327769	5.2163	0.817462456035	0.270556187638
-11.5439637209	56.783746812	8.87562	3.49430719423	1.20595184729
-11.7684178275	56.7066182533	9.65332	6.51056136498	1.15297095515
-12.6309000598	56.9325274513	2.38742	0.326805184659	0.0928604125871
-12.0599926489	56.6089361977	3.52581	5.84706193713	0.386060167264
-11.6181663664	56.7568199829	10.1993	6.26665555462	1.28656758228
-11.3163816245	56.8591830004	6.6436	2.65020967633	0.33034730728
-12.0355960765	56.6172822581	5.30118	6.52200306134	0.756884124997
-11.7769122575	56.7036287778	4.8413	5.07137570524	0.527002423227
-11.5089858092	56.7957141371	6.78947	3.92488292961	0.941409138732
-12.8316527339	56.9484914927	4.06254	2.03547359967	0.75451599986
-12.8370465902	56.9488833449	5.12497	2.82335324506	1.01905214003
-12.7527062422	56.9422018261	3.6758	3.07019167374	0.615210591042
-12.6694079839	56.9355400551	3.17494	3.23659880936	0.206742726603
-12.8409315924	56.9490721244	7.94951	3.94144640187	1.7191331991
-12.4562674738	56.9193178695	6.96335	2.57973730174	0.526436053965
-12.3491465834	56.9107710177	3.02557	0.880012351345	0.362950395655
-12.0573463101	56.8876841616	3.66303	2.15253857284	0.343532640588
-11.7818261348	56.8671579105	14.499	3.31506135717	0.550644593483
-12.2700470693	56.904128694	4.4756	1.49235987932	0.237240626241
-12.2368799991	56.9013909626	3.46178	4.16925451336	0.948803573704
-12.2738994222	56.9044588838	5.25075	5.21244069306	1.64423151502
-12.5210020734	56.9242519603	11.6995	3.09306212101	1.55723576706
-9.98470175452	57.5412772838	10.5068	2.7066075584	1.23273469976
-10.1263644918	57.3918952674	15.0544	3.62257074986	1.82568171911
-10.1174535523	57.4609295894	8.76244	1.81830545093	0.570391462809
-10.3572543561	57.2907709445	9.2431	1.86289273437	1.0504213862
-10.6283029061	57.0723728728	8.36027	1.37003012016	1.09552693653
-10.6705190672	57.0397004925	8.11824	1.827001911	1.20100244615
-10.6876315011	57.0270413372	11.8208	2.21245394436	1.21619178717
-10.6045416677	57.0902857369	6.37069	3.11201611499	0.632166268933
-10.8545594264	56.8965155266	10.0918	2.47638963171	0.527664060811
-11.2263402743	56.5805668929	12.1637	3.47969266488	1.53760130072
-11.4349083054	56.4376083946	13.2366	3.73353900376	0.628533261115
-11.0915104072	56.7100403706	4.5883	3.95633661889	0.55540863857
-10.4252791098	57.2229482628	10.5563	3.44482427427	2.34843798291
-10.2858783288	57.2963954731	14.5658	2.56110169173	0.857604486763
-10.2254136887	57.3620142962	8.10514	2.83041243734	0.673790719229
-10.3496681822	57.2889501268	5.88144	3.84850211981	0.621457653146
-9.96832191218	56.0786795218	7.31083	2.53980107201	1.30092268395
-9.91261633246	56.0925316034	12.7235	4.20577524167	1.367936715
-12.2799099381	56.9945212059	11.796	3.26298269499	0.762626804258
-12.0495052007	56.9045873242	4.06653	3.35668531096	0.326561214164
-11.8989845938	56.8473782218	9.80192	3.02577651433	0.372401033116
-12.5553509564	57.0975838565	1.67776	1.22968377224	0.380379648763
-12.5681885168	57.0938822718	5.67102	0.590324013651	0.399669507478
-12.6978531221	57.1513683474	3.73732	2.33006610062	0.557224280673
-9.75808487569	56.5539755305	4.13438	2.90820080401	0.452833691781
-12.7456816448	57.1693323545	2.91764	1.28493241439	1.18996014326
-12.4924154212	57.073672435	5.81439	1.64736687495	0.534621867725
-12.0484755269	56.907876418	24.1364	3.92686084013	1.94199146483
-11.369226935	56.6418056663	10.2296	3.6921320317	0.905985206262
-11.1358131966	56.5510269299	7.11781	3.35961244314	0.645421584754
-11.5706556013	56.7221617364	5.11149	4.2098692479	1.06654283246
-11.5312886054	56.7066214302	2.9603	5.06864973825	0.666064117231
-11.4694975633	56.682274366	9.74957	4.52893766948	1.18868974885
-11.4946757063	56.6916501698	2.38355	4.97282459158	1.13637679765
-9.18920888151	56.739888727	6.05137	4.01105735267	0.912926908211
-12.3755170094	57.0307737505	30.5718	4.17287049926	1.74896093129
-11.8073639084	56.8123205376	4.12633	3.18588095696	0.687642865149
-10.0123613744	57.5465590195	9.53854	2.9569837408	1.98598192366
-9.82667002315	57.561746946	13.2025	2.36595471722	1.21627852374
-9.13423604149	56.5961509149	1.86899	0.615495227091	0.298657508543
-9.42747364265	56.7253029958	5.02098	4.89202742326	0.288698554861
-9.57785124849	56.7417072305	14.4551	6.45557794392	4.02163685187
-9.86055335728	56.8854164143	5.70855	4.75937638611	0.917018707165
-9.7847992476	56.8593432429	6.509	4.35517778921	1.03704937176
-10.138056173	56.9893705527	9.98831	2.41923052081	0.390153245199
-10.1711620627	57.0121776862	32.5984	3.45755432488	1.48989817182
-10.2809683138	57.0444462135	4.72849	2.77531878762	0.32559123933
-10.1719444789	57.0066712914	33.306	4.63219462178	2.22630180143
-9.64984357134	56.8090905983	7.10354	3.25987362648	0.795860593855
-9.87696646321	56.8909540452	10.3062	4.41691158495	0.603791500722
-10.440037272	57.1105268351	10.6554	3.1196496235	0.992088836872
-10.0578222447	56.9583241987	1.31648	3.18925486482	0.0288469763786
-10.394690716	57.0967820735	3.13873	1.63124705912	0.849352320311
-10.7372322916	56.8589294487	10.1468	4.90720567907	0.98787595006
-10.5687153952	56.9112428874	17.9234	4.36063088349	0.852538611588
-10.5714144646	56.9568489318	6.74005	3.35348003677	0.804083311999
-10.5360311981	56.9851391527	11.441	3.64352010737	0.805954324001
-10.8231971213	56.758409871	12.1261	4.13819569202	1.05898542713
-10.7923084817	56.7923845109	12.8641	4.15519306056	0.827506446564
-10.5989641022	56.90564271	27.2037	4.54414893707	0.833413021709
-10.4268177873	57.071755425	3.93711	1.0371111473	0.432596012258
-10.1605098339	56.8174623693	17.2082	4.50495972149	1.80624928696
-10.3194348253	56.7381449333	5.45842	1.18397924663	0.230068501796
-9.82888581175	57.142897286	8.36886	4.25378376424	1.40889436376
-9.79916809636	57.1629636395	10.0288	4.39577913096	1.13790559835
-10.1792430052	56.7982466377	21.5353	4.94803604887	1.74505409253
-10.1225042639	56.8873413451	8.00565	4.8774473916	0.182414827139
-9.94528846325	57.0407320944	14.1211	3.95821979174	0.637160955765
-9.93987735391	57.0458719073	3.29172	4.13993208146	1.02896044624
-9.90639418461	57.0752938337	7.67037	3.96263951971	1.18601523507
-10.2758296217	56.7844831838	12.1818	4.26703066794	1.55329550762
-9.9369617102	57.0639184613	6.07307	3.45457620189	0.980452502982
-10.0447977675	57.0316875602	8.0213	3.69070788714	0.423218174067
-9.85323500149	57.102366604	6.28526	3.02248567929	0.451114707655
-9.8079010223	56.9949276517	12.4251	5.38367638688	0.865950945572
-9.67944570391	57.1401382553	15.6013	3.32982555233	1.11938440017
-9.7881373177	57.0277862411	9.75615	3.36242834441	0.902963880116
-9.89071158875	56.7229098348	5.11185	3.43626826803	0.79092995392
-9.79801858627	56.7984521394	5.52281	3.11606883206	0.551686683939
-9.80667287795	56.7439285415	12.1462	4.19788470389	1.09176395838
-9.68035014099	56.9062197075	6.46065	3.06291631745	0.472074251165
-9.80766371246	56.1542409372	10.5176	0.877985475393	0.367879970198
-9.83635730607	56.7553189759	9.94532	4.27692885034	1.04893041025
-9.76504675317	56.5477724249	6.15931	3.35531489979	0.566857631439
-9.71016825378	56.5949797955	8.85117	2.1844069088	0.67355379057
-9.4047482723	56.851014395	8.68372	3.90157717478	1.0435784705
-9.51512786964	56.833884221	16.0485	3.93177481191	1.2482008153
-9.31346688003	56.951555175	4.05574	2.38341500055	0.564284505583
-9.66741069823	56.551753949	35.6637	6.97022008665	2.09295999085
-10.5516757217	57.2919355746	6.052	1.42441592126	0.746508069355
-10.5019627842	57.3436077902	5.40709	1.63304105645	0.669556604023
-10.4968788736	57.3408420472	5.6863	2.31639935708	1.27434683491
-10.0298201936	57.6849937283	8.09893	0.744273397428	0.66779547786
-10.1388827169	57.6049420509	4.62543	1.66671130042	0.6734207397
-10.1868200401	57.5472329103	14.6981	2.67771699778	1.82863841854
-10.2048874817	57.5571317178	3.20107	3.99196991257	0.383226693863
-10.191458487	57.5668113719	2.98865	2.18567807007	0.96376960451
-10.2748258588	57.5058963939	5.27599	2.44614255078	0.80888041795
-10.3495463525	57.476968116	8.55023	2.00053120977	0.711407906797
-10.0693379494	57.6559721194	9.77456	1.99606475471	0.56106870755
-10.4181218727	57.3990867883	3.20026	2.2085277866	0.668788175999
-10.3329726135	57.4638944724	8.66204	2.77420880912	0.720811814056
-9.92710679618	57.7616932911	4.13876	0.606319342739	0.240469845738
-10.4376113966	58.1061546532	4.99998	3.88754016305	0.515745863134
-9.7976955248	57.8435600711	8.68852	2.23030987944	1.67062714724
-10.4169124102	58.098003744	7.16475	1.61480767086	0.937616201155
-10.2284227777	58.019252473	4.91801	1.39335793886	0.703803183403
-5.76981608294	59.89037111	3.91566	0.808302392206	0.148954889752
-5.69857359097	59.9343060364	2.69135	1.75831426007	0.249320090407
-5.6489201869	59.9641860884	2.49979	2.40215720201	0.370458898172
-7.11162314834	59.2121684091	12.2118	1.62018806772	0.933586967962
-7.07993627323	59.2174956975	4.65527	2.71847442849	1.13891009846
-9.97178179448	57.60085215	4.51259	3.07740692689	1.34161649386
-9.92348126026	57.5808894993	4.55002	3.28715702198	1.17319760565
-10.1852365784	57.6867393613	9.7788	2.15972639731	1.21742174658
-10.0557784582	57.6348683406	7.53571	3.48162322495	0.730638756702
-10.4036333751	57.7746934242	4.64968	2.3609864091	0.740590608844
-10.3414443785	57.7510782277	9.86057	1.29049977546	0.824350655753
-10.2245280131	57.7023954552	6.76613	2.2097813632	0.633161786334
-10.6746234982	57.8862698822	9.2003	0.973549261318	0.841606563465
-10.6072449187	57.2390726437	2.33955	0.625460395866	0.532496563298
-10.4013070058	57.1655719301	4.46531	2.11090610203	1.22689678986
-10.3672535538	57.1533301908	4.80108	2.81633418872	0.335014632788
-10.4827496621	57.1946546627	6.7454	2.31360836277	1.07481560697
-10.2088087592	57.0936349835	5.04777	2.62067786599	0.869909812805
-10.1330253599	57.0648074001	10.6594	2.18253935199	0.472238269774
-10.9015236157	57.6993102622	2.6861	0.489066724573	0.443180296049
-10.6434172137	57.6013477964	2.18785	1.56367768497	0.355672972408
-10.2722732766	57.4599899771	5.58828	2.35386902544	1.32291555293
-10.1055328756	57.394159049	5.78895	3.48787807022	1.82956302583
-11.2113082523	57.8111328005	3.3248	1.35192044749	0.212152939483
-11.1767291072	57.7984378237	1.91568	0.992421498668	0.426008846392
-11.1167152012	57.7771308895	2.40096	0.816517480852	0.244769073183
-9.78842137343	57.2637446869	11.4154	4.05063650805	2.79004565255
-9.81654564444	57.2820255949	2.44082	3.09612524466	1.15559120446
-9.82865324119	57.2716888687	8.94264	4.86379105337	0.965500870558
-9.6341625105	57.2128108524	7.11436	3.38491996659	1.11814618348
-9.94501920546	57.332246778	10.1828	2.22930158665	0.25973603043
-9.84719231994	57.2937789549	2.88746	1.08102361253	0.242134464067
-10.2294103993	57.442714721	5.56199	2.60790809635	0.565334334347
-10.3576445235	57.4115538984	2.66212	2.62630632535	1.32415420102
-9.88963149572	57.226212537	8.16642	3.89734042123	0.871587636983
-10.0272504671	57.2795011918	4.02889	2.7600196653	0.710718317067
-9.9396989409	57.2450330714	3.70668	3.82904789613	0.994363312378
-9.90090958353	57.2305698456	10.4385	5.26501271616	1.81177446554
-10.2013207064	57.3499296763	3.03802	1.46190391824	0.350498289603
-11.2300426227	57.7514869714	2.52548	1.08560888223	0.151971691804
-10.4717500558	57.2664256897	7.52342	1.34737047835	0.642681552401
-10.4530785127	57.2594246758	2.13724	2.08748014449	0.337235395817
-10.4693646383	57.2657102358	2.92488	1.4490864094	0.380021795067
-10.4072099549	57.2411731108	5.74819	1.38218208189	0.39013108751
-10.3611770288	57.2232956179	2.82125	1.2902705398	0.138497707462
-10.3430383762	57.2161706461	6.20116	1.83935021088	0.671238453559
-10.1180839695	57.1299082809	15.8464	2.43349772557	1.21218115538
-9.81786257699	57.0162866607	12.7813	3.84963650953	1.69514566775
-9.69509462819	56.9797794216	7.22061	5.05653012614	0.650299921371
-10.1432930785	57.1385925533	8.27813	2.53556391639	0.483351578296
-9.32307740541	56.864120061	12.19	3.21882289086	1.45264571727
-12.5805172806	57.0816254705	3.22544	5.41335336796	0.295744943707
-12.6022895643	57.1108275881	4.64634	4.2821387158	0.794725474418
-12.691901488	57.7393511418	1.86045	0.534450961738	0.120779358065
-12.6796348821	57.6580397551	4.07363	1.72139982351	1.03195110077
-12.6950148123	57.7626023823	2.30959	1.88801921472	0.545072634724
-12.7115393672	57.8746565743	4.99037	1.30898868196	0.39182071121
-12.642622608	57.4560789875	3.32715	1.03435598672	0.843784174817
-12.7658228679	58.2065360489	4.1622	1.50262996614	1.14191700893
-12.5718859219	57.0292560631	2.21243	2.27060863501	0.688680827122
-12.5644203216	56.9685568778	7.69116	3.7207469971	1.56426873074
-12.5590500981	56.9190273965	1.13761	2.22194748956	0.798067561956
-12.5568778972	56.9052641021	4.03987	4.12018973293	0.940700995627
-12.5502839634	56.8674134011	5.55618	4.01833399241	1.30004678782
-12.5497948361	56.8665915043	7.52059	3.67948557821	1.34177421646
-10.2152005821	57.2280970472	11.0857	3.31310035895	0.425454339764
-10.0690178268	57.1768268587	7.68596	3.52771324919	0.721442642817
-10.0381267556	57.1616305966	3.78641	2.26654675322	0.457790014297
-9.97463396973	57.1376949701	3.24065	4.1729383678	1.00321361975
-9.71234745286	57.0392185674	4.31288	5.2907781042	0.868993088573
-9.64048073032	57.0116651264	2.52629	1.91032584343	0.163466394322
-9.66838371131	57.0331246397	10.3156	4.16304310855	1.24327885189
-9.4887905771	56.9528412584	3.22081	1.49494091508	0.319780188629
-9.57465838088	56.9864277393	3.32193	1.75993869233	0.74922693766
-12.7387860754	58.0411402295	4.6747	1.4645180159	0.845781794756
-12.7534059981	58.1314779744	6.27579	1.3344344112	0.596774686439
-12.7078087965	57.8492123922	6.9255	2.21287249335	0.723157810547
-12.7674408523	58.2148514563	4.75011	1.34191055391	0.722816976214
-12.7460178722	58.085128018	4.38792	1.23220769725	0.508306595054
-12.7208158786	57.9355924748	3.51124	1.88495969528	0.590563059256
-12.7161768943	57.9064274295	3.48449	3.99832863767	0.701501060573
-12.7158051133	57.903696777	2.24947	2.24664732015	0.79230101309
-12.7009825867	57.8645774019	8.04719	4.33830391642	1.43869117917
-12.7007125086	57.8021246383	5.57253	0.695587003098	0.205850064898
-12.6880494853	57.7131961594	5.6335	2.55851949816	0.980778718813
-12.6736174352	57.622326262	2.11399	1.08465741786	0.282276922002
-12.6680057108	57.5929283247	4.39467	2.21785023367	0.94839101834
-12.7286374743	57.9806744796	8.12549	2.62989675134	1.26875004669
-10.7835420834	56.9651747214	14.5268	2.13030251305	0.655871762949
-10.425441233	56.8820775131	6.98651	1.51044049159	0.356933010247
-10.5960494003	56.8064784763	9.30991	3.47872111139	1.21880504601
-10.5352978908	56.7848584407	4.33444	3.55788524517	0.255031273082
-10.403162872	56.7574496351	19.3469	4.50474776633	2.27356257945
-10.4719328173	56.7614506546	5.97591	3.30329974596	0.604788060624
-9.61040184009	56.4560106173	12.9886	2.08444554279	0.361223053867
-10.4139911483	56.7401228119	9.18334	2.34030890895	0.54837415664
-9.61058874568	56.4557703966	1.77404	1.13396504919	0.154527121875
-9.70109670512	56.4880834048	2.32453	0.900406158189	0.680622266566
-12.4766242665	59.7184857329	6.30083	0.832578988401	0.342738854304
-12.480976782	59.7199480822	3.3379	1.68221706799	0.143668916854
-13.5419212524	59.7488863476	8.7003	2.23901597655	0.217365623388
-12.4297147407	59.3591118138	9.95925	3.2288516067	0.479353506558
-12.2477651451	59.2942598756	7.42555	3.60432632305	0.393069461007
-10.4012704067	58.6512884799	5.37128	2.03391145409	0.547319917064
-10.5503239929	58.7029188199	6.42456	1.34629422926	0.515032315156
-12.9030338555	59.0788628568	4.3006	1.61886792744	0.303660449975
-12.7009527069	59.0078214559	5.64174	1.90817414615	0.371695287368
-13.2427482965	59.2040553048	6.76566	2.96294403023	0.524211874362
-12.9581206805	58.8505934416	8.91151	3.53331824915	0.556125521338
-12.9073228055	58.8328620377	6.71189	5.11674038172	0.661757704863
-9.39207672267	56.5714094325	20.4204	3.45908850908	1.86692480366
-13.1559418405	58.9181396524	5.35131	2.30219450538	0.607083719984
-12.8984692582	58.8296408595	10.2119	2.31599204992	0.727223384188
-13.1941938462	59.0579872729	5.57539	2.96497448766	0.51920850705
-13.2595933179	58.7596511603	6.88405	0.632586110669	0.584741448783
-13.2443615913	58.8338728726	7.55078	1.68677677236	0.405568237295
-12.8044405494	58.4687094667	4.36245	3.97941545367	0.268581467869
-12.4142242735	58.3223386453	8.43653	3.18691269855	0.924190095326
-12.3707431028	58.3057294857	4.03528	4.14020031623	0.211222059843
-12.8111493079	58.4712191462	6.22473	3.1278652723	0.390753557718
-10.8977377167	59.4680769249	13.7998	5.6955891303	0.259514851105
-10.9327818807	59.4585911869	10.1998	3.52715270202	0.328378733195
-10.6567696239	59.5327844582	10.3121	2.49986208188	1.27337176927
-9.29759706103	56.73646727	8.79863	2.96629862445	0.766567730992
-12.8649281699	58.9162730879	4.67639	2.74839999669	0.402394183499
-12.5442874041	59.009747039	10.1033	2.87164887156	0.296003861437
-12.161370279	59.1205709169	6.90263	3.43740093658	0.389390475223
-12.5564024002	59.006100905	2.01341	3.83455323693	0.330545825153
-12.5135581762	59.0190077348	3.03835	1.59836013739	0.691765779292
-12.4625506333	59.0340569321	2.7375	4.26403147072	0.822032920131
-11.77221519	59.2290369726	4.91299	3.08314656423	0.447833858467
-12.3478296598	57.628436803	6.98362	4.59968462721	0.706875248485
-9.60140890482	56.563660445	14.5681	3.07093113093	0.918501569081
-12.5663862218	57.7073643633	4.69505	3.46608596592	1.02367079861
-12.8691501062	57.8273600849	4.82665	0.739170469391	0.215035441092
-12.735650496	57.7742909205	2.51423	1.27671026743	0.590543764831
-12.7368343805	57.7747585993	3.16775	0.467698670407	0.308698467601
-12.6819840902	57.7521298577	5.20855	1.0493310464	0.152266837255
-12.4584094075	57.7940063458	7.27144	3.90920785041	0.745779024727
-9.43956207689	56.6599023884	14.3811	4.59402161252	1.89925469239
-12.281665805	57.7280830659	5.93641	4.16473407265	0.82899013194
-12.0231434579	57.6307579688	8.76553	5.22910548174	0.810700647133
-12.3066246995	57.7374724048	12.2503	4.20475976434	1.13863755267
-12.2504459387	57.7164209534	11.9514	5.42311388649	1.44803158167
-12.0494839813	57.6407536836	5.93422	1.86229137113	0.530489399975
-11.9814732418	57.6149487081	3.71515	0.946922685657	0.730971267414
-10.2747319132	56.944386298	11.8626	5.3444501899	1.09047740631
-9.7411141839	56.7245935898	12.9937	5.96133723945	1.56021525887
-9.77138278196	56.7544488993	20.4219	5.37847455819	1.79096726679
-9.38169877013	56.7108577265	7.69433	3.76583263405	1.22605216269
-10.4106107663	56.9995324691	7.29566	5.12468297242	1.409336718
-10.3585018068	56.9784203002	6.03718	3.13012731668	0.234197234574
-10.2985872995	56.954111312	2.31125	4.25572276924	0.718636921711
-10.5638491836	57.0612874428	11.0884	5.06464952461	0.918241500249
-10.4542100267	57.017135315	10.0844	5.65732273941	1.18858743231
-10.2861006717	56.9490245737	11.2098	4.35157139969	0.349340879318
-10.6250997015	57.0858655021	2.23887	1.95182587662	0.350595366332
-12.6578868083	57.8676546943	5.23719	3.042541909	0.806948133443
-9.33462188626	56.7638924631	2.57587	3.34948654354	0.251076185649
-12.5594093235	56.9233927573	3.98666	4.83611250514	0.645393096453
-12.5544034577	56.8893756388	3.61564	4.51219137976	0.34479625086
-12.5648064705	56.973646948	3.95765	1.4751807104	0.209444587418
-12.5505970517	56.9277883759	6.9915	3.41840363442	0.349998806806
-12.5877707737	57.1261218848	3.8005	3.85866642623	1.78713194659
-12.6489604394	57.4899277086	3.95174	1.34188932358	0.407809230793
-12.6549668773	57.5233985912	2.18878	1.67787272644	0.400898429382
-9.93094801331	56.8033680759	5.24945	3.18536116162	0.24674859707
-12.7322377731	58.0015711213	4.77515	2.66518313128	0.93019859032
