 diameter emplacement_depth midpoint_x midpoint_y name transgressive_height
407 9564.91481073 2.54788297828 458382.3035 6222113.08 Sill 19 2.23212499871
412 11076.8199343 4.64294886437 444301.298 6213086.375 Sill 23 1.52044079043
837 10517.6433205 0.877985475393 449829.21 6223540.1 Sill 77 0.367879970198
995 20420.3756534 3.45908850908 475909.12 6269747.66 Sill 93 1.86692480366
1014 8798.63008735 2.96629862445 481794.05 6288090.845 Sill 95 0.766567730992
1024 14568.1341956 3.07093113093 463039.448 6268978.225 Sill 96 0.918501569081
1035 14381.0941527 4.59402161252 473054.536 6279615.23 Sill 97 1.89925469239
1046 7694.32604794 3.76583263405 476633.151 6285265.765 Sill 98 1.22605216269
1057 2575.87163797 3.34948654354 479543.92 6291153.995 Sill 99 0.251076185649
1 12821.9868926 4.52578398958 458084.463 6276992.395 Sill 100 1.02788620523
11 9726.52926229 5.29642188095 449617.9115 6291516.255 Sill 101 0.292476171304
21 6189.18745355 6.20404906587 459705.7855 6296742.825 Sill 102 0.771785432866
32 9989.788165 4.7259165732 455977.6915 6299659.725 Sill 103 1.36513255605
53 4507.59583925 1.43694604382 437659.25 6290328.1 Sill 105 0.234080545743
64 7755.09513318 2.88895584051 441121.8665 6294319.925 Sill 106 0.592882752479
75 11757.3342599 5.19832902236 438714.136 6310925.855 Sill 107 2.09236798246
96 9213.7452716 4.29395213189 446542.229 6314509.305 Sill 109 0.349917115015
409 3043.05605736 2.20251525614 441180.624 6221300.86 Sill 210 0.290559480976
410 10192.5038828 2.65916413268 452919.5855 6220039.6 Sill 212 1.19253456267
411 3296.61653664 4.29791559589 461477.8565 6222263.045 Sill 215 0.223244132988
413 12262.2871485 5.00268482542 459786.9245 6297680.81 Sill 231 1.79142301371
414 22803.0880064 3.18598173342 460739.9785 6330042.855 Sill 232 0.656782324078
415 25924.9521085 3.66742974887 442639.342 6325896.895 Sill 239 1.03992011541
416 5055.31795778 6.2080373881 459163.042 6314411.085 Sill 240 0.895885619612
417 2937.19977221 2.27963115583 300300.5185 6628535.0 Sill 245 0.297712806505
418 10794.6984643 5.36046162032 305560.002 6601569.935 Sill 246 1.43489725194
420 3156.33206653 4.80196836479 307563.0935 6628346.91 Sill 248 0.663654456582
421 7017.90754498 0.849760081275 309773.7105 6631387.605 Sill 249 0.693530636572
422 2237.19345697 2.46680704267 254100.165 6523674.98 Sill 250 0.410950991136
423 9119.45352506 2.69800720303 258445.3335 6538592.335 Sill 251 0.950836277786
425 4564.4057193 2.8364457537 265497.0175 6585993.075 Sill 253 0.636633828501
427 3975.2037675 1.48392671239 273124.712 6529083.46 Sill 255 0.90010789797
430 5949.17050668 1.81338684977 277314.8745 6525900.49 Sill 258 0.476434921475
431 3249.47144668 2.15769984775 275275.851 6527472.15 Sill 259 0.327676126544
433 4037.52899989 1.26827047224 278995.9695 6486502.82 Sill 261 0.498493862605
434 11887.0219111 3.78333882829 291842.4325 6476247.935 Sill 262 0.520251336337
436 6461.96023129 1.44207229364 288717.9515 6478745.505 Sill 264 0.445857497161
437 4587.43761824 3.76972663366 296980.632 6472145.865 Sill 265 0.742390552326
438 4497.30233237 4.66619804616 302645.7715 6467573.86 Sill 266 0.33128034899
439 7423.54265703 2.13960225572 300789.4245 6469074.46 Sill 267 1.34397248372
440 5474.98494058 2.66355123177 249984.9075 6509457.24 Sill 268 0.321755618545
441 2849.4043473 1.71959917062 289760.47 6442238.89 Sill 270 0.827785300262
442 6412.497891 4.52343815893 288740.9845 6443077.255 Sill 272 1.10692901318
443 3887.32098906 1.59250975173 288589.717 6443146.01 Sill 273 0.511224599144
444 3100.79938116 2.72578237417 287727.3685 6443839.495 Sill 274 0.916662399554
445 4561.9176686 1.59318802316 284842.496 6446126.05 Sill 275 1.13101324915
446 2449.9036839 1.04879336611 276955.681 6452283.705 Sill 276 0.912467227455
449 9087.06405216 4.26657621802 270840.8805 6457215.655 Sill 279 2.13764648403
450 5212.39333669 3.51025643672 271527.9305 6456673.94 Sill 280 1.28932262425
452 1712.47799211 1.81635391743 273035.589 6455457.105 Sill 282 0.51719759793
453 749.987908236 0.341310549953 273826.804 6454815.385 Sill 283 0.198341762648
456 2587.35198177 1.13195581055 250430.1645 6473283.405 Sill 286 0.213848689737
460 3824.86316994 1.52056470919 250475.4185 6473249.87 Sill 290 0.961346951626
461 4650.28218781 2.22811959744 246017.9855 6476782.315 Sill 291 0.381176416623
462 2424.89211053 1.27490619723 275021.5625 6453847.78 Sill 292 0.329950911351
463 749.964575676 2.07323730682 275031.2535 6453839.88 Sill 293 0.102811708816
464 3562.79878428 1.01833380297 281891.8 6448419.625 Sill 294 0.176124317187
465 5177.24926481 1.61315170073 273308.275 6427359.86 Sill 295 0.461699552075
467 3801.22185299 1.92094999486 276139.89 6425178.285 Sill 298 0.253894711738
470 4522.51910162 1.54918295095 291875.1545 6413021.795 Sill 301 0.269777396532
471 5050.35259779 2.73505809363 289257.921 6415049.19 Sill 302 0.723388863418
472 3002.40023404 2.44907658613 298494.139 6407893.215 Sill 303 0.0839221656368
473 5499.60269874 2.45750071959 295234.895 6410421.48 Sill 304 0.488169326659
474 8561.23166306 1.58414868856 317981.056 6392805.825 Sill 305 0.204116077086
475 10289.2563203 1.93850587422 310167.1245 6398865.015 Sill 306 0.792402712175
476 5912.31605442 2.70766394945 295388.383 6410302.27 Sill 307 1.30091171499
478 5351.056149 3.3174606011 300936.819 6406003.395 Sill 309 1.0293150097
480 4935.51626328 2.02734319848 287722.3125 6416220.845 Sill 311 0.394534714797
481 10675.8661114 2.22949426629 280912.7155 6421502.61 Sill 312 0.585047762381
482 9073.98435089 2.76657468137 280718.4615 6421637.52 Sill 313 1.10271608713
483 1200.06934787 1.08741596444 306171.3465 6401962.38 Sill 314 0.952271761603
486 5535.53905507 0.486416202864 334195.35 6380243.925 Sill 317 0.225646969158
488 1848.90794095 1.10030866731 264484.0975 6434225.525 Sill 319 0.104194887929
489 7652.85596406 1.63381150196 324751.5475 6387551.785 Sill 320 0.796723754343
491 2311.22352025 1.2099325924 328086.6665 6384963.27 Sill 322 0.458588698351
493 6615.6525442 7.30588568357 473617.2155 6272307.46 Sill 324 2.11489283191
494 7738.10799544 3.26397609323 463547.7695 6281362.355 Sill 325 1.0953429033
495 3025.35147274 2.2688054388 459293.9265 6283329.83 Sill 326 0.978454466548
496 10100.2742506 4.32686648652 441291.254 6297321.36 Sill 327 0.789538599245
1068 5249.45425061 3.18536116162 443149.9575 6295884.61 Sill 328 0.24674859707
497 8541.94252737 3.23712082733 429813.984 6305728.345 Sill 328 0.36853809297
498 15287.7269667 3.7806590116 439822.667 6300670.385 Sill 329 0.780573981443
499 9026.7334782 4.79250962336 448879.6895 6291441.955 Sill 330 0.933375046378
500 16782.4454816 4.74409499331 427357.837 6306791.03 Sill 331 1.21209880004
501 3908.66970858 2.16036442943 401334.8965 6328253.655 Sill 332 0.440871690179
502 8911.44427803 3.19683627347 409106.2235 6323248.51 Sill 333 0.848676097999
503 4624.2611641 2.00154609629 403772.9355 6326371.27 Sill 334 0.690384270861
505 7372.29683825 3.66043911403 413173.7135 6319098.215 Sill 336 0.908880864715
506 10249.1968979 4.09217169593 422049.42 6312228.68 Sill 337 1.15328968886
507 6137.1709981 1.1504668367 394636.1385 6333446.62 Sill 338 0.421671241645
508 6176.09816484 1.55731187866 397524.903 6331203.92 Sill 339 0.616900707026
509 11453.2586874 1.90661127835 298533.7305 6393498.45 Sill 340 0.732962221538
510 3324.21356556 1.47374165834 299195.4615 6392935.54 Sill 341 0.169668373952
512 3033.73575356 5.40820922807 289812.5165 6400017.68 Sill 343 1.10204989296
514 7993.60223394 2.9452436685 281535.333 6407929.18 Sill 345 1.04936014118
516 5544.12625306 2.65984175892 284341.865 6404227.85 Sill 347 0.785550139802
519 4151.25357928 0.802892887151 281179.031 6406846.225 Sill 352 0.102029831407
520 2302.48307417 0.147307060629 281207.4055 6406809.855 Sill 353 0.129006030547
521 7122.06821785 1.40649598115 305108.7085 6478849.62 Sill 354 0.565069699775
523 5785.32267965 2.31020109659 304972.825 6478647.57 Sill 356 0.868392293758
524 8381.65987064 1.94819927349 300033.1175 6471982.84 Sill 357 0.457426287135
525 2839.08852744 1.14019302295 272188.7305 6433845.885 Sill 358 0.587435048377
526 2298.12587596 2.20879431141 273613.0765 6435800.34 Sill 359 0.567330803529
527 4328.03861662 2.69875701685 275494.592 6438542.235 Sill 360 0.73018933164
528 5623.61384448 1.29016223826 278783.733 6443288.165 Sill 361 0.613841709382
530 1650.62462002 1.01980187545 281965.0475 6447713.575 Sill 363 0.108044154606
531 7805.32837439 0.930049444111 285519.6285 6452411.395 Sill 364 0.239358717197
532 4024.01473658 1.83564428275 291139.952 6459901.165 Sill 365 0.401893219482
533 2337.58931659 0.938027381549 277546.193 6481593.79 Sill 366 0.279019712404
534 2247.2804035 2.07380983621 276043.4155 6479652.685 Sill 367 0.203379205464
535 3176.16770943 1.02215515337 282092.632 6487724.23 Sill 368 0.321044145403
540 4823.30538055 2.00287559789 258354.213 6455741.495 Sill 373 0.175916875784
542 2762.23133563 1.91696884024 256740.8835 6453600.855 Sill 378 0.390099297581
543 2948.9339545 1.74532090496 261344.48 6459683.93 Sill 379 0.623229452931
545 2764.04598852 1.67315743395 281369.721 6486726.48 Sill 381 0.248699058146
546 5749.67152692 2.41464541855 247545.26 6477975.66 Sill 382 0.525289159118
548 4588.92833371 0.93029113749 244874.218 6473996.175 Sill 384 0.2254621818
549 1187.49256542 2.48348116395 250284.066 6481393.495 Sill 385 0.227792980656
550 3350.21205282 2.65288325766 249974.584 6480977.18 Sill 386 1.1076078761
551 1063.91778185 0.689168789589 258894.5365 6492724.115 Sill 387 0.305255600497
552 1500.93197618 0.922904135448 260792.8825 6495186.53 Sill 388 0.272989116874
553 1313.71444268 0.497730529962 259847.135 6493949.14 Sill 389 0.120494310106
554 3062.34198572 2.60382322369 275904.843 6516034.245 Sill 390 0.409673613005
555 5438.05248957 1.79352545167 278538.8755 6537677.71 Sill 391 0.464143674537
557 3640.58984119 1.34958946484 273778.3775 6535286.68 Sill 393 0.297171446802
558 3575.5417494 1.11338254067 278182.4765 6537510.83 Sill 394 0.20135909899
559 2211.88565831 1.15392300677 280905.727 6538841.985 Sill 395 0.109482508427
560 7838.09584706 4.22937295754 407480.391 6601140.525 Sill 396 0.602485874261
562 5911.9593329 1.06171148726 411941.8705 6603313.93 Sill 398 0.460414115168
563 3900.86622344 1.58935904267 406128.3125 6600476.85 Sill 399 0.398325495021
564 6350.76046219 0.802491854377 407171.225 6600990.315 Sill 400 0.659507867032
565 7387.17727205 4.66027268737 610601.109 6606775.93 Sill 401 1.34942990979
566 14233.4319017 9.01257804379 586568.543 6625214.87 Sill 402 1.07344161184
567 9023.98040241 7.73604445354 590206.3565 6622252.085 Sill 403 1.3759338176
568 6171.59139078 2.49346941527 610097.7855 6607179.87 Sill 404 0.707440455551
569 5023.19738463 3.07803303386 615336.8695 6603043.695 Sill 405 1.61121910742
570 4579.46511233 3.83678065101 596261.5115 6617435.155 Sill 406 0.358967919568
571 6731.97157121 5.87110441687 600734.2405 6606101.855 Sill 408 0.779293888883
572 2856.58997739 3.02202725239 594343.949 6611114.455 Sill 409 0.201854793784
573 5761.08659619 4.55022043715 603844.68 6603663.195 Sill 410 0.338853830192
574 3198.96804461 2.83901032355 589327.3595 6614943.76 Sill 411 0.317058685321
576 3532.49380593 1.30507839399 593349.655 6572682.28 Sill 413 0.322333854456
577 4096.43705553 1.67901384982 592502.939 6573273.765 Sill 414 0.180704510143
578 4059.4690813 3.20746888311 594000.3925 6582047.34 Sill 415 0.544981244267
579 1198.944246 1.90179378402 594642.606 6581603.29 Sill 416 0.275111369827
580 3996.62962779 5.3317602551 596279.153 6580434.975 Sill 417 0.748633878777
581 3280.23327557 5.32498746863 598326.7185 6578996.705 Sill 418 0.83037715799
582 4137.93695892 2.58512054574 605471.744 6589798.32 Sill 419 1.32210860588
583 6417.40009759 3.74217890522 596287.4605 6625443.405 Sill 420 0.429281086851
584 4125.2383357 4.97011756337 604504.0495 6619412.855 Sill 421 0.444415549205
585 7364.56505399 4.28517326348 606961.034 6617573.39 Sill 422 0.666500007368
586 5015.00778261 2.07870094555 616602.095 6610422.435 Sill 423 0.576816509545
587 10343.0624917 5.00776450899 573236.263 6552890.85 Sill 424 0.676159505153
588 3603.37029494 3.08842735923 578286.6955 6548214.96 Sill 425 1.09526455307
589 11424.3827117 5.43162183358 577161.8955 6547015.035 Sill 426 1.68361014285
590 6120.07850976 4.48699452756 571792.441 6554005.425 Sill 427 0.662094894957
591 3915.84793098 3.41984871066 562698.791 6527163.765 Sill 428 0.38795280049
592 1769.22374631 4.14525996368 564173.832 6529049.115 Sill 429 0.133984515864
593 6130.43059666 2.49712061088 566105.759 6531524.885 Sill 430 0.842712281486
594 1273.7357815 2.63548924014 559591.171 6523146.075 Sill 431 0.245050775297
595 7249.17083516 4.01833312636 555916.051 6518359.59 Sill 432 0.475919014947
596 1633.59863511 5.58967322878 575672.596 6544632.03 Sill 433 0.40288429558
597 2369.39128134 3.22349760972 577313.964 6547013.81 Sill 434 0.523368949535
598 6125.83295921 2.10410470884 578098.943 6548113.81 Sill 435 0.392150219842
599 5938.72108721 4.20180793981 582096.5055 6553762.875 Sill 436 0.709155232648
600 3700.75579483 4.52945579435 582778.122 6554712.605 Sill 437 0.969056899219
601 7696.27903559 4.61746299142 579524.815 6550125.72 Sill 438 1.24757655762
602 14610.9582665 5.89488413821 572634.1425 6540431.795 Sill 439 2.08570946271
603 8049.47239865 6.75462035248 574873.4055 6543481.215 Sill 440 0.634559016306
608 5703.07797901 2.10651165495 448137.0355 6373548.5 Sill 445 0.703711228019
609 2376.43522069 1.72277558585 452296.269 6379091.28 Sill 446 0.851575666177
610 2775.20163562 3.11111422197 454629.5065 6382217.96 Sill 447 1.05815006601
611 5747.57953244 3.53847401298 446876.432 6371838.435 Sill 448 1.16242134348
612 9553.95804599 2.42477519107 434260.138 6354908.42 Sill 449 0.590537740125
613 10055.1625806 3.32121036824 441634.3225 6361578.775 Sill 450 1.03391491665
614 9022.72172936 4.15893777517 453426.0985 6376954.435 Sill 451 1.75860903313
615 9048.15213051 3.38816615584 424587.504 6340880.47 Sill 452 0.872252309098
616 3031.52179834 1.54250492545 415820.942 6328833.69 Sill 453 0.500723849997
617 3038.24381792 1.6888748639 413937.4825 6326265.425 Sill 454 0.365592896056
618 5446.45302792 4.38540061223 421195.814 6336530.68 Sill 455 0.787140214776
619 8655.00255262 1.58391747714 421023.9405 6334745.84 Sill 456 0.68814634981
620 2292.1783235 3.09896067794 444665.5135 6368838.73 Sill 457 0.675787890111
621 12231.7158843 4.45643480065 420509.8975 6333580.19 Sill 458 2.02865435043
622 1396.98521064 1.18311012428 412806.201 6324794.87 Sill 459 0.185405516583
623 3157.41238256 2.2491650917 417460.6825 6331141.995 Sill 460 0.24336707319
624 15889.5474752 3.44095933073 435840.981 6349708.41 Sill 461 0.992331119492
625 6268.8011487 2.36029459319 429890.29 6346504.47 Sill 462 0.615637897324
626 1399.295426 0.594111054521 568456.305 6534561.045 Sill 463 0.387881224774
628 4187.41527106 1.95347285719 426713.2735 6455547.3 Sill 466 0.820190189353
629 1548.51680253 1.31715347412 421813.7825 6448846.05 Sill 467 0.457379947248
630 1273.77491916 1.31186413023 422593.9255 6449930.88 Sill 468 0.387670254594
631 1536.65413431 1.1742456772 418518.406 6444209.275 Sill 469 0.869453207278
632 2765.20443409 1.24756339657 413331.634 6436911.62 Sill 470 0.275446699205
633 3774.43643296 2.18137366277 417359.0155 6442587.7 Sill 471 0.772292650342
634 2439.51395106 2.50709586362 414350.0345 6438352.05 Sill 472 0.245154723627
636 5126.34236687 2.152301708 408246.56 6429867.45 Sill 474 0.447859301576
637 3262.97060924 1.19367637488 416723.6265 6441697.625 Sill 475 0.292817393675
639 1438.42152256 1.32056832814 392622.01 6409485.27 Sill 478 0.186945097915
640 3005.12546767 2.30309386077 400624.189 6419620.36 Sill 479 0.445381760424
641 1774.63869599 0.910868989954 387036.34 6401964.585 Sill 480 0.221992456945
643 2993.25584287 1.3082016978 384315.243 6398627.545 Sill 482 0.201132670494
645 4417.08434661 1.38031880598 406078.943 6426887.525 Sill 484 0.611986611883
646 6755.96826808 2.41018325513 413450.4555 6437095.585 Sill 485 0.239568938728
647 3658.74984647 0.822131279392 420275.79 6446683.655 Sill 486 0.128952662926
648 4112.52937859 2.75206678764 446672.6215 6503389.53 Sill 487 0.365502228105
649 6674.04336168 3.69799979404 450132.473 6507505.375 Sill 488 0.695256526017
650 7773.70426613 5.004739293 531980.535 6522101.015 Sill 489 0.158646770942
651 7746.20928506 2.96178885955 546168.6155 6511126.415 Sill 490 0.685529718875
652 4279.47973517 0.832718047685 531288.675 6526841.905 Sill 491 0.764186271652
654 4459.46098212 2.29668607297 551082.9115 6521599.425 Sill 493 0.619714856403
655 6011.07179507 1.71638381001 556212.679 6517991.795 Sill 494 0.526288179729
656 2389.41943813 4.9758718486 538505.927 6531157.065 Sill 495 0.442899884503
657 2539.46918969 1.79780864801 539668.298 6530247.185 Sill 496 0.911686336051
658 2314.96820142 4.23562126525 543234.244 6527496.49 Sill 498 0.303900974166
660 4898.95648501 1.69515784173 552076.051 6535841.19 Sill 500 0.806550535278
662 8519.53378613 2.62278725505 557491.643 6531923.235 Sill 502 0.822151240759
663 5421.19724774 1.08666293905 555831.9635 6533124.705 Sill 503 0.318973515228
664 4204.62414941 1.44854728511 262076.702 6299317.715 Sill 504 0.442587942487
665 3453.94686333 3.13563960163 259702.8265 6297624.825 Sill 505 0.557003472429
666 2102.29719977 2.82478262212 259049.6675 6297161.25 Sill 506 1.04081464844
667 2738.40959363 4.24258539575 258058.515 6296430.23 Sill 507 1.03479932548
668 2177.36750447 1.58179450122 261955.9185 6299228.6 Sill 508 0.452022932693
669 3491.50161396 6.596264836 260319.4875 6298064.035 Sill 509 1.25913742941
670 2865.64741762 4.5443737771 262042.074 6299290.96 Sill 510 1.74447261243
671 3372.11619411 5.76807447926 255663.4515 6294575.085 Sill 511 0.345848706681
672 1850.09788841 2.55286284117 274156.7085 6307968.08 Sill 512 0.433015139206
673 4590.18700687 2.77347254973 267058.391 6302878.945 Sill 513 0.675377846258
674 1588.56207295 2.06861926238 264992.2525 6301403.22 Sill 514 0.745641211931
675 1739.51017396 2.60927038413 260003.3455 6297839.17 Sill 515 0.283174974907
676 4700.99739427 3.70943938505 271882.1525 6306334.275 Sill 516 1.4298959802
677 2687.44720964 1.69152069288 275389.0555 6308855.695 Sill 518 0.232189585746
678 2499.8698647 2.36626147765 275881.0535 6309209.915 Sill 519 0.337053098749
679 2836.93780692 3.20534962514 281559.217 6313311.82 Sill 520 0.33652630483
680 5298.90650325 4.21883963227 277959.9675 6310707.235 Sill 521 0.796468721835
681 1912.4397304 4.0256921763 275501.3775 6308935.06 Sill 523 0.132279341952
682 2624.71181729 2.43585330499 276550.4915 6309691.96 Sill 524 0.0895884857137
683 9116.35643362 4.03817311204 269302.3655 6304491.69 Sill 525 2.43762982709
684 4313.86603274 3.37340654538 270850.5465 6305595.235 Sill 526 1.18033938574
685 4435.09298965 1.89955164359 287260.548 6317477.195 Sill 527 1.03606263927
686 2737.31060212 0.137716481379 284614.0145 6315550.215 Sill 528 0.0847621523105
687 9275.39894726 2.00995949579 283564.461 6315001.785 Sill 529 1.72435324134
688 8149.85277343 4.79732110094 282959.7735 6316208.805 Sill 530 1.64141798419
689 3215.5812108 2.5330785583 294407.7175 6322715.765 Sill 531 0.680523324885
690 5486.81178552 2.09381821661 291361.618 6320463.89 Sill 532 0.506248269133
691 2712.54794338 1.13149029174 309081.2255 6333745.515 Sill 533 0.0607984730267
692 10964.3476111 4.3631975887 304566.3015 6330368.115 Sill 534 1.70357341054
693 7536.56704025 3.47453950799 296723.31 6325287.835 Sill 535 1.33366814484
694 12564.8069913 4.44553162505 304027.8225 6329960.705 Sill 536 1.84306883511
695 3324.88120968 3.82043365509 311229.334 6335350.055 Sill 537 0.239833115708
696 4586.9928282 2.18361107869 314877.88 6338036.375 Sill 538 0.981097320963
698 3825.15231821 1.47281417143 333435.4715 6351860.175 Sill 540 0.549968542526
699 2899.66870659 0.137335029303 338689.973 6355729.255 Sill 541 0.0993609112141
700 3787.48704946 2.59468978196 336864.459 6354382.295 Sill 542 1.10746718233
704 1687.44576231 1.31078846004 317217.0355 6339750.085 Sill 546 0.263654312459
705 4437.95834839 4.95322320833 318762.217 6340898.515 Sill 547 0.39162219436
706 6021.58881273 1.45302531444 342314.974 6358434.35 Sill 548 1.32039009387
707 28959.1605517 2.69279261487 330660.0335 6349739.99 Sill 549 2.20319221334
708 4212.88761371 0.593137291508 318491.178 6340697.36 Sill 550 0.511320597491
709 8813.7528305 7.45252401184 305234.629 6330873.325 Sill 551 1.98487822603
710 5649.62263611 5.20189003484 311403.2115 6335472.155 Sill 552 0.977520410411
711 10726.7665351 2.52114751935 318157.264 6281354.615 Sill 553 0.494611111704
712 6138.38329998 4.54545358481 315667.8975 6279978.795 Sill 554 1.26145151288
713 5548.19622376 6.35755998131 309214.0375 6276371.555 Sill 555 1.25373960221
714 2963.80579389 2.42443845192 324782.108 6284992.51 Sill 556 0.674883205163
715 8229.38776529 4.68496560546 337841.219 6293147.03 Sill 557 0.610625195224
716 5489.59980489 1.39263461063 350642.3365 6299649.055 Sill 558 0.362059107598
717 8751.46385519 3.49277311452 352365.985 6301620.81 Sill 559 0.941114549405
719 3804.05136354 1.27727096138 359690.349 6304593.97 Sill 561 0.415866746645
720 6330.96796394 2.84892616222 382152.414 6318421.11 Sill 562 0.805041955876
723 2380.67514105 1.2357830498 388750.8925 6328307.28 Sill 565 0.079517040939
724 1948.52335799 2.07393023253 375379.764 6313466.295 Sill 566 0.57890244818
725 4137.65809665 2.22910461732 370921.825 6310714.8 Sill 567 0.357518823039
726 5111.85381065 1.8166388595 377896.863 6315894.43 Sill 568 0.506690515534
727 5216.29553839 0.817462456035 364823.691 6307371.31 Sill 569 0.270556187638
728 8875.62002524 3.49430719423 344584.7355 6296201.325 Sill 570 1.20595184729
729 9653.32384799 6.51056136498 330529.53 6288152.13 Sill 571 1.15297095515
730 2387.419948 0.326805184659 279091.345 6315744.255 Sill 572 0.0928604125871
731 3525.81458256 5.84706193713 312201.7185 6278044.58 Sill 573 0.386060167264
732 10199.3488946 6.26665555462 339938.21 6293376.23 Sill 574 1.28656758228
733 6643.59803122 2.65020967633 358769.1465 6304102.0 Sill 575 0.33034730728
734 5301.1802017 6.52200306134 313739.5455 6278906.515 Sill 576 0.756884124997
735 4841.30039131 5.07137570524 329996.215 6287840.57 Sill 577 0.527002423227
736 6789.46618469 3.92488292961 346769.866 6297454.055 Sill 578 0.941409138732
737 4062.53617911 2.03547359967 266984.1375 6318186.805 Sill 579 0.75451599986
738 5124.97077738 2.82335324506 266658.7675 6318248.8 Sill 580 1.01905214003
739 3675.80417536 3.07019167374 271743.8705 6317220.71 Sill 582 0.615210591042
740 3174.93562453 3.23659880936 276767.7725 6316204.505 Sill 583 0.206742726603
742 7949.5072006 3.94144640187 266423.835 6318283.075 Sill 585 1.7191331991
743 6963.34757563 2.57973730174 289636.5 6313723.815 Sill 586 0.526436053965
744 3025.57257875 0.880012351345 296106.675 6312448.42 Sill 587 0.362950395655
745 3663.02646671 2.15253857284 313749.1775 6309047.385 Sill 588 0.343532640588
746 14498.9844851 3.31506135717 330435.102 6306046.865 Sill 589 0.550644593483
747 4475.59800378 1.49235987932 300884.6805 6311476.32 Sill 590 0.237240626241
748 3461.78416724 4.16925451336 302888.9435 6311075.635 Sill 591 0.948803573704
749 5250.74946069 5.21244069306 300651.9715 6311524.28 Sill 592 1.64423151502
750 11699.5049389 3.09306212101 285726.755 6314473.79 Sill 593 1.55723576706
751 10506.7720388 2.7066075584 441053.834 6378068.415 Sill 680 1.23273469976
752 15054.3578999 3.62257074986 432298.4275 6361571.845 Sill 681 1.82568171911
753 8762.44253656 1.81830545093 432960.316 6369247.5 Sill 682 0.570391462809
754 9243.10257178 1.86289273437 418196.968 6350569.255 Sill 683 1.0504213862
755 8360.27301204 1.37003012016 401281.5805 6326619.715 Sill 684 1.09552693653
756 8118.24369472 1.827001911 398633.4535 6323045.23 Sill 685 1.20100244615
757 11820.8222991 2.21245394436 397560.371 6321661.85 Sill 686 1.21619178717
758 6370.69047932 3.11201611499 402768.868 6328579.28 Sill 687 0.632166268933
759 10091.8380026 2.47638963171 387034.8805 6307398.31 Sill 688 0.527664060811
760 12163.7016305 3.47969266488 363250.239 6272916.175 Sill 689 1.53760130072
761 13236.6439801 3.73353900376 349878.0555 6257444.675 Sill 690 0.628533261115
762 4588.30211837 3.95633661889 371969.9795 6287063.4 Sill 691 0.55540863857
763 10556.3139137 3.44482427427 413939.411 6343103.985 Sill 692 2.34843798291
764 14565.7747534 2.56110169173 422510.3865 6351111.815 Sill 693 0.857604486763
765 8105.13680109 2.83041243734 426285.391 6358348.685 Sill 694 0.673790719229
766 5881.44261647 3.84850211981 418650.141 6350357.495 Sill 695 0.621457653146
767 7310.82977234 2.53980107201 439731.709 6215259.08 Sill 696 1.30092268395
768 12723.4690297 4.20577524167 443219.0865 6216753.5 Sill 697 1.367936715
769 11796.0128809 3.26298269499 300767.394 6321560.405 Sill 698 0.762626804258
770 4066.52513506 3.35668531096 314310.5885 6310906.525 Sill 699 0.326561214164
771 9801.91794251 3.02577651433 323202.859 6304142.875 Sill 700 0.372401033116
772 1677.75550494 1.22968377224 284642.257 6333861.435 Sill 701 0.380379648763
773 5671.02235917 0.590324013651 283843.506 6333490.33 Sill 702 0.399669507478
774 3737.32038912 2.33006610062 276340.0205 6340302.545 Sill 703 0.557224280673
775 4134.37531993 2.90820080401 453398.9695 6267995.59 Sill 704 0.452833691781
776 2917.63724388 1.28493241439 273558.76 6342458.5 Sill 705 1.18996014326
777 5814.38737765 1.64736687495 288316.2195 6331004.715 Sill 706 0.534621867725
778 24136.4377132 3.92686084013 314389.589 6311269.64 Sill 707 1.94199146483
779 10229.6385433 3.6921320317 354710.9365 6280024.14 Sill 708 0.905985206262
780 7117.80648685 3.35961244314 368707.3965 6269452.325 Sill 709 0.645421584754
781 5111.48834826 4.2098692479 342697.227 6289409.9 Sill 710 1.06654283246
782 2960.29940251 5.06864973825 345041.631 6287591.075 Sill 711 0.666064117231
783 9749.57009393 4.52893766948 348725.7165 6284743.97 Sill 712 1.18868974885
784 2383.5499512 4.97282459158 347221.7435 6285843.05 Sill 713 1.13637679765
785 6051.3730952 4.01105735267 488425.9 6288448.135 Sill 714 0.912926908211
786 30571.8317355 4.17287049926 295162.1085 6325876.075 Sill 715 1.74896093129
787 4126.32982309 3.18588095696 328628.5 6300009.335 Sill 716 0.687642865149
788 9538.54088332 2.9569837408 439406.914 6378680.715 Sill 717 1.98598192366
789 13202.4577414 2.36595471722 450541.363 6380220.92 Sill 718 1.21627852374
793 1868.99196982 0.615495227091 491757.3235 6272440.85 Sill 722 0.298657508543
796 5020.97593565 4.89202742326 473840.9515 6286890.195 Sill 725 0.288698554861
797 14455.0579033 6.45557794392 464654.1705 6288783.62 Sill 726 4.02163685187
798 5708.55419306 4.75937638611 447563.4445 6304960.965 Sill 727 0.917018707165
799 6509.0003803 4.35517778921 452145.9955 6302003.275 Sill 728 1.03704937176
800 9988.31063646 2.41923052081 430847.6405 6316778.645 Sill 729 0.390153245199
801 32598.4466365 3.45755432488 428879.6455 6319351.21 Sill 730 1.48989817182
802 4728.49239194 2.77531878762 422279.326 6323062.54 Sill 731 0.32559123933
803 33306.0050517 4.63219462178 428821.6185 6318739.13 Sill 732 2.22630180143
804 7103.53875523 3.25987362648 460321.802 6296323.41 Sill 733 0.795860593855
805 10306.1854829 4.41691158495 446571.27 6305590.05 Sill 734 0.603791500722
806 10655.3862063 3.1196496235 412784.0585 6330609.785 Sill 735 0.992088836872
807 1316.47881151 3.18925486482 435669.2095 6313244.615 Sill 736 0.0288469763786
808 3138.72958991 1.63124705912 415498.975 6329022.885 Sill 737 0.849352320311
809 10146.7666527 4.90720567907 394074.3555 6303027.575 Sill 738 0.98787595006
810 17923.3873716 4.36063088349 404481.9345 6308601.62 Sill 739 0.852538611588
811 6740.04522915 3.35348003677 404434.301 6313681.22 Sill 740 0.804083311999
812 11441.0389463 3.64352010737 406656.7135 6316780.96 Sill 741 0.805954324001
813 12126.0673125 4.13819569202 388535.4535 6291977.21 Sill 742 1.05898542713
814 12864.1251996 4.15519306056 390522.6145 6295708.39 Sill 743 0.827506446564
815 27203.7225424 4.54414893707 402625.725 6308021.005 Sill 745 0.833413021709
816 3937.11036744 1.0371111473 413494.3905 6326277.595 Sill 746 0.432596012258
817 17208.1669602 4.50495972149 429158.6305 6297667.46 Sill 747 1.80624928696
818 5458.42402442 1.18397924663 419287.87 6289015.195 Sill 748 0.230068501796
819 8368.86037985 4.25378376424 449840.8175 6333597.55 Sill 749 1.40889436376
820 10028.7879663 4.39577913096 451665.282 6335809.745 Sill 750 1.13790559835
821 21535.2702375 4.94803604887 427978.3175 6295548.245 Sill 751 1.74505409253
822 8005.65466459 4.8774473916 431606.093 6305406.59 Sill 752 0.182414827139
823 14121.1335618 3.95821979174 442639.5455 6322317.08 Sill 753 0.637160955765
824 3291.71864153 4.13993208146 442975.757 6322884.66 Sill 754 1.02896044624
825 7670.36628497 3.96263951971 445050.6615 6326132.17 Sill 755 1.18601523507
826 12181.7980177 4.26703066794 422051.168 6294122.125 Sill 756 1.55329550762
827 6073.07350003 3.45457620189 443180.218 6324890.995 Sill 757 0.980452502982
828 8021.30252293 3.69070788714 436586.1395 6321398.34 Sill 758 0.423218174067
829 6285.26445274 3.02248567929 448310.9665 6329104.15 Sill 759 0.451114707655
830 12425.0663662 5.38367638688 450915.712 6317111.51 Sill 762 0.865950945572
831 15601.2783652 3.32982555233 458880.781 6333190.435 Sill 763 1.11938440017
832 9756.15223384 3.36242834441 452158.634 6320755.015 Sill 764 0.902963880116
833 5111.85145111 3.43626826803 445490.5325 6286896.46 Sill 766 0.79092995392
834 5522.81387242 3.11606883206 451260.931 6295234.935 Sill 767 0.551686683939
835 12146.2347774 4.19788470389 450660.9055 6289172.28 Sill 768 1.09176395838
836 6460.65412317 3.06291631745 458566.662 6307152.91 Sill 769 0.472074251165
838 9945.31641233 4.27692885034 448860.8245 6290461.875 Sill 770 1.04893041025
839 6159.30565921 3.35531489979 452963.326 6267309.91 Sill 771 0.566857631439
840 8851.16768052 2.1844069088 456391.6565 6272528.05 Sill 772 0.67355379057
841 8683.71515643 3.90157717478 475314.314 6300874.74 Sill 773 1.0435784705
842 16048.4559707 3.93177481191 468567.951 6299013.215 Sill 774 1.2482008153
843 4055.73589579 2.38341500055 480932.8545 6312037.01 Sill 775 0.564284505583
845 35663.6946869 6.97022008665 458970.388 6267690.46 Sill 777 2.09295999085
846 6051.99720301 1.42441592126 406483.075 6350949.205 Sill 778 0.746508069355
848 5407.08821087 1.63304105645 409605.8285 6356633.395 Sill 780 0.669556604023
849 5686.30108885 2.31639935708 409904.997 6356318.81 Sill 781 1.27434683491
850 8098.92644652 0.744273397428 438595.9245 6394106.795 Sill 782 0.66779547786
851 4625.42664432 1.66671130042 431943.6605 6385299.665 Sill 783 0.6734207397
852 14698.1026671 2.67771699778 428966.899 6378924.84 Sill 784 1.82863841854
853 3201.06638804 3.99196991257 427905.1575 6380045.77 Sill 785 0.383226693863
854 2988.64982871 2.18567807007 428727.5495 6381109.08 Sill 786 0.96376960451
855 5275.9896581 2.44614255078 423613.579 6374419.035 Sill 787 0.80888041795
856 8550.22556873 2.00053120977 419072.7615 6371285.49 Sill 788 0.711407906797
857 9774.56353973 1.99606475471 436188.7985 6390912.62 Sill 789 0.56106870755
858 3200.25667861 2.2085277866 414780.0175 6362700.365 Sill 790 0.668788175999
859 8662.03722156 2.77420880912 420038.001 6369810.63 Sill 791 0.720811814056
861 4138.75597171 0.606319342739 444836.895 6402556.745 Sill 794 0.240469845738
864 4999.98217613 3.88754016305 415279.4775 6441431.26 Sill 797 0.515745863134
865 8688.51658041 2.23030987944 452644.0495 6411572.525 Sill 798 1.67062714724
866 7164.75343267 1.61480767086 416480.134 6440498.1 Sill 799 0.937616201155
867 4918.01085338 1.39335793886 427430.316 6431513.515 Sill 800 0.703803183403
869 3915.6582748 0.808302392206 680720.376 6643610.815 Sill 802 0.148954889752
870 2691.34840348 1.75831426007 684460.026 6648696.28 Sill 803 0.249320090407
871 2499.78783194 2.40215720201 687064.2235 6652160.555 Sill 804 0.370458898172
0 9081.46843173 0.764587411492 684079.384 6648122.655 Sill 805 0.28329316054
872 12211.8434892 1.62018806772 607814.145 6565203.99 Sill 805 0.933586967962
873 4655.2668315 2.71847442849 609605.8615 6565848.71 Sill 806 1.13891009846
877 4512.58987283 3.07740692689 441922.1655 6384689.07 Sill 810 1.34161649386
878 4550.01932005 3.28715702198 444778.4615 6382426.52 Sill 811 1.17319760565
879 9778.79997841 2.15972639731 429332.991 6394452.51 Sill 812 1.21742174658
880 7535.70606488 3.48162322495 436961.3295 6388550.695 Sill 813 0.730638756702
881 4649.67553767 2.3609864091 416515.456 6404491.675 Sill 814 0.740590608844
882 9860.56552646 1.29049977546 420161.9335 6401787.965 Sill 815 0.824350655753
883 6766.13300409 2.2097813632 427021.966 6396236.935 Sill 816 0.633161786334
884 9200.2992019 0.973549261318 400706.824 6417277.52 Sill 817 0.841606563465
885 2339.55128264 0.625460395866 402995.497 6345143.155 Sill 818 0.532496563298
887 4465.30765233 2.11090610203 415255.4565 6336687.685 Sill 820 1.22689678986
888 4801.07607078 2.81633418872 417287.3645 6335283.305 Sill 821 0.335014632788
889 6745.39584646 2.31360836277 410401.037 6340028.855 Sill 822 1.07481560697
890 5047.77144651 2.62067786599 426754.1825 6328457.74 Sill 823 0.869909812805
891 10659.3508052 2.18253935199 431292.6315 6325170.21 Sill 824 0.472238269774
893 2187.84808042 1.56367768497 401787.424 6385517.775 Sill 825 0.355672972408
894 5588.27753788 2.35386902544 423670.821 6369306.215 Sill 826 1.32291555293
895 5788.95135331 3.48787807022 433554.569 6361803.29 Sill 827 1.82956302583
896 3324.79522039 1.35192044749 368617.913 6409829.355 Sill 828 0.212152939483
897 1915.68080423 0.992421498668 370626.513 6408349.87 Sill 829 0.426008846392
898 2400.95988274 0.816517480852 374118.5605 6405865.365 Sill 830 0.244769073183
899 11415.3663552 4.05063650805 452445.028 6347020.6 Sill 831 2.79004565255
900 2440.82442775 3.09612524466 450773.1105 6349075.535 Sill 832 1.15559120446
901 8942.63983503 4.86379105337 450029.2025 6347933.715 Sill 833 0.965500870558
902 7114.3581611 3.38491996659 461696.462 6341253.645 Sill 834 1.11814618348
903 10182.7540214 2.22930158665 443105.733 6354766.06 Sill 835 0.25973603043
904 2887.46200053 1.08102361253 448941.855 6350406.435 Sill 836 0.242134464067
905 5561.99393486 2.60790809635 426207.3955 6367335.93 Sill 837 0.565334334347
907 2662.11819492 2.62630632535 418441.7335 6364013.9 Sill 839 1.32415420102
908 8166.42177401 3.89734042123 446286.0005 6342917.94 Sill 840 0.871587636983
909 4028.89330805 2.7600196653 438066.668 6348966.505 Sill 841 0.710718317067
910 3706.67600181 3.82904789613 443292.0425 6345053.495 Sill 842 0.994363312378
911 10438.5091012 5.26501271616 445611.4905 6343411.915 Sill 843 1.81177446554
912 3038.02327138 1.46190391824 427710.8595 6356977.68 Sill 844 0.350498289603
917 2525.47792621 1.08560888223 367286.3815 6403227.72 Sill 849 0.151971691804
918 7523.4224218 1.34737047835 411238.2355 6348002.87 Sill 850 0.642681552401
919 2137.23947128 2.08748014449 412347.595 6347199.44 Sill 851 0.337235395817
920 2924.87703877 1.4490864094 411380.3695 6347920.13 Sill 852 0.380021795067
921 5748.19162682 1.38218208189 415072.2655 6345109.835 Sill 853 0.39013108751
922 2821.25058179 1.2902705398 417810.4595 6343063.505 Sill 854 0.138497707462
923 6201.16131061 1.83935021088 418889.978 6342248.715 Sill 855 0.671238453559
924 15846.3578427 2.43349772557 432317.378 6332401.545 Sill 856 1.21218115538
925 12781.2692743 3.84963650953 450338.977 6319496.2 Sill 857 1.69514566775
926 7220.60686391 5.05653012614 457751.999 6315349.945 Sill 858 0.650299921371
927 8278.12752487 2.53556391639 430807.6435 6333393.475 Sill 859 0.483351578296
928 12189.9728022 3.21882289086 480302.302 6302307.07 Sill 860 1.45264571727
929 3225.44306843 5.41335336796 283025.428 6332166.18 Sill 861 0.295744943707
930 4646.33991672 4.2821387158 281878.4465 6335483.715 Sill 862 0.794725474418
931 1860.45304289 0.534450961738 280256.6285 6405681.95 Sill 863 0.120779358065
932 4073.62803421 1.72139982351 280494.681 6396598.0 Sill 864 1.03195110077
933 2309.58952849 1.88801921472 280212.6855 6408278.27 Sill 866 0.545072634724
934 4990.36972876 1.30898868196 279914.658 6420795.695 Sill 867 0.39182071121
935 3327.15193669 1.03435598672 281494.4375 6374014.675 Sill 868 0.843784174817
936 4162.20155963 1.50262996614 278759.22 6457888.0 Sill 869 1.14191700893
939 2212.42843345 2.27060863501 283243.062 6326313.815 Sill 872 0.688680827122
940 7691.16419793 3.7207469971 283343.1635 6319538.7 Sill 873 1.56426873074
941 1137.61303488 2.22194748956 283382.2275 6314012.645 Sill 874 0.798067561956
942 4039.8685649 4.12018973293 283434.642 6312474.91 Sill 875 0.940700995627
943 5556.17877111 4.01833399241 283617.132 6308244.01 Sill 876 1.30004678782
944 7520.58618054 3.67948557821 283642.179 6308151.045 Sill 877 1.34177421646
946 11085.6526645 3.31310035895 426633.6495 6343431.31 Sill 879 0.425454339764
947 7685.95528026 3.52771324919 435369.2985 6337576.44 Sill 880 0.721442642817
948 3786.41291457 2.26654675322 437211.0705 6335856.07 Sill 881 0.457790014297
949 3240.64969781 4.1729383678 441013.064 6333135.085 Sill 882 1.00321361975
950 4312.87669466 5.2907781042 456772.3895 6321977.035 Sill 883 0.868993088573
951 2526.29442297 1.91032584343 461104.6595 6318866.78 Sill 884 0.163466394322
952 10315.6063999 4.16304310855 459433.565 6321271.73 Sill 885 1.24327885189
954 3220.8143744 1.49494091508 470269.608 6312242.75 Sill 887 0.319780188629
955 3321.93040415 1.75993869233 465078.254 6316021.975 Sill 888 0.74922693766
956 4674.70367145 1.4645180159 279325.723 6439402.48 Sill 889 0.845781794756
957 6275.79140739 1.3344344112 279022.9085 6449498.575 Sill 890 0.596774686439
958 6925.49811557 2.21287249335 279980.436 6417953.415 Sill 891 0.723157810547
959 4750.11059858 1.34191055391 278715.994 6458818.235 Sill 892 0.722816976214
960 4387.92460438 1.23220769725 279171.004 6444318.885 Sill 893 0.508306595054
961 3511.23860083 1.88495969528 279738.3325 6427603.78 Sill 895 0.590563059256
962 3484.48968465 3.99832863767 279834.248 6424344.65 Sill 896 0.701501060573
963 2249.47427174 2.24664732015 279839.55 6424039.71 Sill 897 0.79230101309
964 8047.18879127 4.33830391642 280478.859 6419640.27 Sill 898 1.43869117917
1070 4775.15411048 2.66518313128 279468.4475 6434979.825 Sill 900 0.93019859032
966 5572.52750854 0.695587003098 280114.532 6412692.805 Sill 901 0.205850064898
967 5633.49637654 2.55851949816 280327.215 6402760.26 Sill 902 0.980778718813
969 2113.98772471 1.08465741786 280637.9975 6392606.15 Sill 904 0.282276922002
970 4394.67052701 2.21785023367 280795.889 6389318.105 Sill 905 0.94839101834
971 8125.48937934 2.62989675134 279552.606 6432643.745 Sill 906 1.26875004669
972 14526.7837299 2.13030251305 391559.5175 6314924.48 Sill 907 0.655871762949
973 6986.50515039 1.51044049159 413137.3785 6305164.52 Sill 908 0.356933010247
974 9309.90741949 3.47872111139 402545.7235 6296980.335 Sill 909 1.21880504601
975 4334.44410593 3.55788524517 406200.867 6294489.28 Sill 910 0.255031273082
976 19346.9405571 4.50474776633 414210.486 6291265.525 Sill 911 2.27356257945
977 5975.9057965 3.30329974596 410015.815 6291799.065 Sill 912 0.604788060624
978 12988.6256941 2.08444554279 462380.32 6257001.24 Sill 913 0.361223053867
979 9183.33514604 2.34030890895 413508.69 6289350.71 Sill 914 0.54837415664
980 1774.04337762 1.13396504919 462368.5635 6256974.605 Sill 915 0.154527121875
981 2324.5272269 0.900406158189 456827.221 6260624.345 Sill 916 0.680622266566
982 6300.83210118 0.832578988401 304495.8215 6625184.795 Sill 917 0.342738854304
983 3337.89969648 1.68221706799 304259.7575 6625360.34 Sill 918 0.143668916854
984 8700.30283549 2.23901597655 244876.4785 6632187.7 Sill 919 0.217365623388
985 9959.25120615 3.2288516067 305066.574 6585062.46 Sill 920 0.479353506558
986 7425.54635844 3.60432632305 315050.31 6577327.57 Sill 921 0.393069461007
987 5371.28019231 2.03391145409 418685.011 6502073.105 Sill 922 0.547319917064
988 6424.56065864 1.34629422926 410169.321 6508011.205 Sill 923 0.515032315156
989 4300.59686218 1.61886792744 276356.3415 6555372.14 Sill 924 0.303660449975
990 5641.74059793 1.90817414615 287489.392 6546809.675 Sill 925 0.371695287368
991 6765.66159805 2.96294403023 257793.506 6570482.64 Sill 926 0.524211874362
992 8911.51166596 3.53331824915 271696.9545 6530168.71 Sill 927 0.556125521338
993 6711.89142195 5.11674038172 274509.5555 6528024.23 Sill 928 0.661757704863
996 5351.31058958 2.30219450538 260763.1045 6538372.715 Sill 930 0.607083719984
998 10211.858514 2.31599204992 274999.2325 6527636.14 Sill 932 0.727223384188
1000 5575.38910316 2.96497448766 259540.4545 6554062.745 Sill 934 0.51920850705
1002 6884.0525544 0.632586110669 253678.183 6521123.7 Sill 937 0.584741448783
1003 7550.78407703 1.68677677236 255082.1855 6529321.605 Sill 938 0.405568237295
1005 4362.45201393 3.97941545367 278142.4495 6487176.71 Sill 940 0.268581467869
1006 8436.52787375 3.18691269855 300057.743 6469670.06 Sill 941 0.924190095326
1007 4035.28244474 4.14020031623 302510.1295 6467693.865 Sill 942 0.211222059843
1008 6224.73057287 3.1278652723 277767.3375 6487478.04 Sill 943 0.390753557718
1011 13799.7551748 5.6955891303 392463.5145 6593708.725 Sill 947 0.259514851105
1012 10199.815035 3.52715270202 390447.382 6592709.885 Sill 948 0.328378733195
1013 10312.1372456 2.49986208188 406295.6925 6600548.155 Sill 949 1.27337176927
1015 4676.3925257 2.74839999669 277490.962 6537159.96 Sill 950 0.402394183499
1016 10103.3490843 2.87164887156 296491.051 6546535.97 Sill 951 0.296003861437
1017 6902.62546064 3.43740093658 319050.8035 6557763.875 Sill 952 0.389390475223
1018 2013.40895569 3.83455323693 295774.23 6546167.315 Sill 953 0.330545825153
1019 3038.35351097 1.59836013739 298308.675 6547473.02 Sill 954 0.691765779292
1020 2737.50287591 4.26403147072 301321.8685 6548994.4 Sill 955 0.822032920131
1021 4912.99424109 3.08314656423 341818.2405 6568844.87 Sill 957 0.447833858467
1023 6983.62197251 4.59968462721 300115.367 6392278.48 Sill 959 0.706875248485
1025 4695.04821691 3.46608596592 287535.621 6401723.425 Sill 960 1.02367079861
1026 4826.65383468 0.739170469391 270273.561 6416059.4 Sill 961 0.215035441092
1028 2514.23036069 1.27671026743 277868.8635 6409711.03 Sill 963 0.590543764831
1029 3167.75308559 0.467698670407 277801.384 6409766.935 Sill 964 0.308698467601
1030 5208.54866124 1.0493310464 280923.918 6407071.175 Sill 965 0.152266837255
1034 7271.44163456 3.90920785041 294457.455 6411028.005 Sill 969 0.745779024727
1036 5936.41041648 4.16473407265 304601.011 6403170.895 Sill 970 0.82899013194
1038 8765.52882024 5.22910548174 319504.419 6391625.88 Sill 972 0.810700647133
1039 12250.2690647 4.20475976434 303166.63 6404287.735 Sill 973 1.13863755267
1040 11951.3855594 5.42311388649 306396.7645 6401783.82 Sill 974 1.44803158167
1041 5934.22007956 1.86229137113 317982.4435 6392808.425 Sill 975 0.530489399975
1042 3715.14627323 0.946922685657 321913.9855 6389756.74 Sill 976 0.730971267414
1043 11862.6065572 5.3444501899 422449.8565 6311918.385 Sill 977 1.09047740631
1044 12993.7035678 5.96133723945 454647.3475 6286974.875 Sill 978 1.56021525887
1045 20421.8906053 5.37847455819 452832.51 6290318.41 Sill 979 1.79096726679
1047 7295.65506402 5.12468297242 414310.8335 6318218.595 Sill 980 1.409336718
1048 6037.18347612 3.13012731668 417429.2765 6315804.6 Sill 981 0.234197234574
1049 2311.24749045 4.25572276924 421019.246 6313028.125 Sill 982 0.718636921711
1050 11088.3620123 5.06464952461 405160.5125 6325294.53 Sill 983 0.918241500249
1051 10084.3578745 5.65732273941 411704.291 6320233.345 Sill 984 1.18858743231
1052 11209.7559271 4.35157139969 421767.983 6312447.595 Sill 985 0.349340879318
1053 2238.86547452 1.95182587662 401511.522 6328116.795 Sill 986 0.350595366332
1054 5237.19004632 3.042541909 283052.0655 6419843.45 Sill 987 0.806948133443
1060 3986.66366046 4.83611250514 283385.6825 6314499.33 Sill 992 0.645393096453
1061 3615.63585524 4.51219137976 283493.2675 6310699.845 Sill 993 0.34479625086
1063 3957.64631498 1.4751807104 283349.275 6320106.08 Sill 995 0.209444587418
1064 6991.49865731 3.41840363442 283947.112 6314960.34 Sill 996 0.349998806806
1065 3800.49901007 3.85866642623 282846.673 6337138.51 Sill 997 1.78713194659
1066 3951.74413184 1.34188932358 281316.9125 6377800.025 Sill 998 0.407809230793
1067 2188.78321339 1.67787272644 281157.7355 6381542.305 Sill 999 0.400898429382
2 3271.80959061 1.53801108378 280406.394 6399607.525 Sill 1000 0.985146578466
4 2435.73612297 0.979028298788 280303.222 6403584.335 Sill 1001 0.114623718592
5 5011.80251099 3.20210153317 279979.8395 6417983.255 Sill 1002 0.696489936181
7 2825.46741755 0.767939685062 279069.6165 6447623.98 Sill 1005 0.177510597699
8 1862.37626784 1.39949726622 278896.584 6454303.575 Sill 1006 0.267302302815
9 2124.7140707 0.643474837232 278788.7485 6457507.515 Sill 1007 0.307056345112
10 1850.01800755 1.59972675887 279674.74 6429220.675 Sill 1009 0.798000591862
12 850.090658026 1.7150670497 282850.689 6336475.8 Sill 1010 0.238865771472
13 6310.58491308 2.86858101746 283274.4785 6324577.39 Sill 1011 0.704826002795
14 6036.3631524 3.68176891109 295398.4415 6410295.72 Sill 1012 0.63849123767
15 4025.62007377 4.25521632292 302233.282 6405004.455 Sill 1014 0.388370594633
16 5537.67675213 1.45202445811 303406.3045 6404096.605 Sill 1015 0.595391166627
17 3859.8915886 2.50432716184 290449.826 6441732.55 Sill 1016 0.403924875933
19 4012.34281065 4.67377369564 275007.4145 6453860.115 Sill 1018 0.361995253258
20 3835.70598907 3.28507617249 354666.448 6280084.645 Sill 1019 0.312201516085
22 8312.05921951 4.44825997266 339851.7915 6292120.245 Sill 1020 0.709005537086
23 2651.28796815 3.14686341 280340.744 6337283.885 Sill 1021 0.520452260811
24 2164.43996906 2.02328343754 281390.771 6336480.39 Sill 1022 0.114220342403
25 13648.7566529 5.03477792164 290252.3265 6329589.445 Sill 1023 0.854329694902
26 6752.69294983 1.14999796365 329611.337 6299274.89 Sill 1024 0.221136960429
27 6134.57078577 3.21167535188 332579.8685 6297110.71 Sill 1025 0.730484913032
28 2363.24065499 5.77576167803 343785.276 6288570.635 Sill 1026 0.147131778769
29 13636.6916643 4.51394648491 357444.863 6278087.18 Sill 1027 0.417228377411
30 8050.14850061 1.94120482661 434468.7025 6219266.08 Sill 1028 0.760781373789
31 3346.17720006 3.34959272772 428699.165 6223663.035 Sill 1029 0.262426047519
33 6198.93168351 4.77013323535 435657.2015 6218376.52 Sill 1030 0.429508984675
34 2945.78272313 0.330824768561 408241.4815 6239491.495 Sill 1031 0.0554352428028
35 2805.05670842 1.98950252855 333690.645 6296312.275 Sill 1032 0.444609858141
36 6279.81791694 5.40861424476 322495.0675 6304702.52 Sill 1033 0.852126505297
37 2025.29581589 0.692432380595 289976.322 6313672.1 Sill 1034 0.184891688658
38 8125.59338937 6.10287220335 300652.8855 6311530.93 Sill 1035 0.335753973158
39 5785.5052144 4.73250568468 320829.2475 6307807.49 Sill 1036 1.40846326353
40 7276.75502617 5.08239142734 321380.3105 6307719.28 Sill 1037 1.14499997921
41 4549.07107581 4.54546056314 308075.8345 6310089.295 Sill 1038 0.486549654369
42 1924.37275308 3.14238670059 305777.7655 6310513.775 Sill 1039 0.122539075107
43 8622.73028381 5.24543041038 306677.478 6310360.945 Sill 1040 1.30876489977
44 3236.7429559 4.39780381055 307234.49 6310247.47 Sill 1041 0.219693608464
45 2237.17473226 5.58385061214 311117.217 6309525.695 Sill 1042 0.728324766914
46 3187.42333347 4.94931818976 312371.4385 6309296.65 Sill 1043 0.228654997765
47 4488.93710504 3.4072029154 315361.4755 6308758.615 Sill 1044 0.322425449022
48 5088.54971739 4.49833237728 272693.553 6317028.64 Sill 1045 0.869478962015
49 10836.8198081 5.81953960431 285254.4005 6314566.395 Sill 1046 1.42556844482
50 1625.30430611 3.84681949888 294073.3435 6312864.155 Sill 1047 0.241381113719
51 3900.78750423 2.65915429606 296400.7395 6312388.605 Sill 1048 0.452239195664
52 3426.05028937 2.98862395002 299696.096 6311715.77 Sill 1049 0.875135841341
54 4904.94183661 2.16668748522 349993.14 6302259.885 Sill 1050 0.254922854304
55 14963.1731698 5.39572233185 345687.15 6303121.64 Sill 1051 0.386624284952
56 4921.6901386 1.7211929901 365180.9045 6299032.14 Sill 1052 0.197278880117
57 21052.9745899 1.77173982991 365506.9205 6298996.91 Sill 1053 0.909060585567
58 5657.05340155 4.33272922087 338619.6275 6304499.46 Sill 1054 0.779790474923
59 3484.21542834 2.53417218839 340381.0805 6304137.565 Sill 1055 0.76082977906
60 5795.6104532 6.19701356582 336348.295 6304957.855 Sill 1056 0.43396479832
61 5158.23428558 7.92242897687 341458.709 6303920.49 Sill 1057 1.09381452468
62 4326.34457308 4.90839863559 346637.5485 6302893.86 Sill 1058 1.65222461986
63 5531.12707682 2.75533431338 357706.498 6300707.725 Sill 1059 0.320056014685
66 5158.02461697 3.37355670782 402745.8895 6290995.935 Sill 1061 0.961436909685
67 14661.626764 4.88923976477 417496.1755 6286376.285 Sill 1062 0.965714728833
68 9419.16638836 1.45113816455 394824.444 6292895.76 Sill 1063 0.146941787092
69 1923.56973497 3.21356792498 394895.2825 6292899.085 Sill 1064 0.0732501387305
70 5727.92592544 2.53812763412 405608.4955 6290422.685 Sill 1065 0.120276779235
71 7109.25469074 2.69721674827 409706.934 6289727.905 Sill 1066 0.175873813092
72 8516.43158137 4.34620785725 402502.271 6291108.9 Sill 1067 0.360103442783
73 5088.07311015 2.94078669856 384886.8565 6295047.205 Sill 1068 0.181425478544
74 8602.99236414 3.63084911107 379171.659 6294299.345 Sill 1069 0.680228204849
76 4052.1075626 3.38555269241 378759.1515 6297030.205 Sill 1070 0.77346843849
77 4249.8036239 4.85931397791 376782.977 6296550.1 Sill 1071 1.89111196498
78 10373.9775298 6.01708403054 388477.663 6294736.465 Sill 1072 1.24100108519
79 2514.23142218 4.12269138927 394413.3335 6293018.635 Sill 1073 0.129375183299
80 3903.4967081 1.64039591031 402561.8555 6291025.055 Sill 1074 0.103749404969
81 2762.2875655 2.66877278059 400288.96 6291565.545 Sill 1075 0.169732179754
82 4312.7603817 8.07866750759 275756.553 6316407.32 Sill 1076 1.55837584414
83 2562.95237027 3.83200297984 294557.1645 6312765.23 Sill 1077 1.51381524093
84 6328.07367865 2.98130305316 323710.2025 6307308.34 Sill 1078 0.440951927628
85 2475.53515782 2.93951953052 333532.2975 6305527.66 Sill 1079 0.141169173868
86 4286.57092224 2.98052833503 427017.4255 6286580.14 Sill 1080 0.602260445175
87 2566.59611986 2.00831520618 424683.7415 6287082.385 Sill 1081 0.175294072322
88 4407.95561495 1.35792297466 431731.6035 6285557.47 Sill 1082 0.391232463938
89 4501.14921198 2.96103436432 433263.711 6285242.35 Sill 1083 0.759621576529
90 5434.77167393 3.86747563523 449329.58 6283061.23 Sill 1084 0.826676784199
91 3090.16835983 1.29143896549 423176.558 6287394.515 Sill 1085 0.209622350556
92 3434.95950286 0.51462881636 427433.685 6286490.475 Sill 1086 0.374403135058
93 3731.19271455 1.39155973941 436177.671 6284682.19 Sill 1087 0.349810351086
94 9033.202425 1.33107752252 429533.6255 6286039.09 Sill 1088 0.287442301852
95 2708.89446739 1.25449207648 417361.482 6288535.81 Sill 1089 0.616859992604
97 1722.5149857 0.900526723081 416974.281 6288605.655 Sill 1090 0.44271729273
98 2036.91531233 1.72864721548 263415.095 6318887.385 Sill 1091 0.149351088736
99 4323.02654835 4.96553752034 462828.3175 6279769.385 Sill 1092 1.90245682841
100 4990.21552735 3.80598819025 258817.2975 6296961.81 Sill 1094 1.10641416043
101 5273.67999989 6.17924797305 278739.4825 6311271.495 Sill 1095 1.53331503406
102 7655.96777877 5.46471171085 296348.0525 6324183.405 Sill 1096 0.631019441656
104 7753.32367102 1.85504416092 396725.1815 6414714.83 Sill 1099 0.40818278475
105 9138.60577035 8.15064739535 311599.233 6277701.38 Sill 1100 1.00531974107
106 4900.91523294 5.3471896288 320586.693 6282696.51 Sill 1101 0.974629977488
107 9947.6867036 5.55660462237 333333.2355 6289744.65 Sill 1102 0.24010642
108 8807.71375029 6.42962883863 337185.231 6240415.585 Sill 1103 1.47841526389
109 6805.9679448 4.80162585623 328520.7425 6228655.93 Sill 1104 1.78307813732
110 6621.7822089 3.65767695954 324294.1215 6222980.495 Sill 1105 0.348765065284
111 7734.58520001 2.26810954096 358161.619 6268718.955 Sill 1106 0.295139448781
112 6741.37075344 2.76890912714 370484.835 6285127.46 Sill 1107 0.375696290656
113 4237.57768175 1.35040257872 450470.9 6272990.115 Sill 1108 0.334405772768
114 16701.5444262 1.91141378774 445243.9 6239942.435 Sill 1109 0.553635757797
115 6444.02481761 2.5610765278 450347.95 6226167.0 Sill 1110 0.521889622688
116 11307.2339741 2.96218900563 450280.9 6211375.305 Sill 1111 1.23876614636
117 4822.63328172 1.37359442692 450310.1 6231415.05 Sill 1112 0.705101825755
118 4881.80131821 3.03507992954 451257.305 6222555.465 Sill 1113 0.221091600431
119 3098.33901631 4.8085674944 450561.15 6302750.75 Sill 1114 0.29298650383
120 16488.3216233 4.83245460995 452735.8545 6289336.335 Sill 1115 0.398040160101
121 5377.33136881 1.12253922277 450593.9 6371595.75 Sill 1116 0.495482258675
122 9473.96636439 1.28738895933 450169.5195 6359744.38 Sill 1117 0.390208106855
123 3907.84939183 0.943436651229 450614.3165 6373095.015 Sill 1118 0.211798882918
124 4161.20611001 1.18528034075 450812.05 6394070.5 Sill 1119 0.231934666202
125 2941.11808619 0.990657636123 450878.8 6427006.765 Sill 1120 0.319915412455
126 5274.87927303 1.24308294623 451770.7705 6439237.5 Sill 1121 0.623120670564
127 5568.133112 3.0582111078 450323.2 6216789.365 Sill 1122 0.525073831115
128 6351.75687207 2.493373871 451498.1475 6219592.635 Sill 1123 0.634714670303
129 6630.97862709 3.76314514603 450330.4 6218151.115 Sill 1124 0.583783002335
130 9083.91223763 1.93695677125 450481.7 6282580.685 Sill 1125 0.238794363947
131 4754.64134351 1.62935066946 450604.7335 6367137.665 Sill 1126 0.399021941688
132 6262.12541431 2.2033908907 441196.3435 6220694.45 Sill 1128 0.652142315268
133 3680.35721272 3.86818288206 456773.084 6222006.28 Sill 1129 0.746739262852
134 6413.76936099 1.54642920134 455917.1395 6239500.46 Sill 1130 0.384081467327
135 8549.6956624 3.01796208335 456005.009 6239507.24 Sill 1131 0.652964280141
136 6797.2581715 1.56493210459 449031.728 6239513.59 Sill 1132 0.196479637889
137 8498.56349347 1.89723808663 444036.909 6239625.95 Sill 1133 0.893768065936
138 2874.71973019 0.963748983084 444055.5885 6239538.85 Sill 1134 0.0993264892409
139 9824.54451606 4.4377070799 467892.2165 6249286.335 Sill 1135 1.44274589446
140 6972.19959904 6.87586591009 463618.0 6249326.765 Sill 1136 0.789211284698
141 9769.87962866 3.46063108229 459271.5665 6249347.7 Sill 1137 0.799499390314
142 4490.62427256 6.29303855644 463473.1665 6249317.3 Sill 1138 0.583492356286
143 2672.60428555 1.74339167715 359243.461 6409394.795 Sill 1139 0.374555280918
146 2274.49876853 0.561208475985 368485.3505 6402305.92 Sill 1142 0.186382968814
148 8948.85016831 2.00282446035 422688.608 6360322.36 Sill 1144 0.56480611352
151 5516.30944133 4.30583675794 450311.25 6215830.825 Sill 1147 0.615793190972
152 8616.29729734 5.73199786278 475825.4 6285141.575 Sill 1148 0.670071185759
153 4898.89289705 3.64281426021 419927.085 6362901.275 Sill 1149 1.22296253756
154 3111.73871535 2.77457235822 424924.8375 6359095.765 Sill 1150 0.692857748655
155 2875.4445432 3.08980714809 427556.461 6357094.74 Sill 1151 1.08634651691
156 10802.2724769 4.09307331183 446343.411 6342877.99 Sill 1152 0.872031835095
157 2163.50754766 4.26026677406 451956.0845 6338850.695 Sill 1153 0.831235748943
158 7968.42127123 3.40296948428 431261.1965 6354248.595 Sill 1154 0.898642975561
159 7579.8147245 2.49062842686 431337.4585 6353554.04 Sill 1155 0.510471550432
160 13598.7954543 5.18234857454 464420.6755 6329438.475 Sill 1156 4.58058751501
161 7058.74814055 3.46899528515 489179.3955 6297853.97 Sill 1157 1.04268669216
162 12205.5917341 3.96109992776 439814.0915 6334042.4 Sill 1158 1.43664225543
163 4824.43164137 2.13087105275 429693.1485 6341339.06 Sill 1159 0.374336619639
164 5086.66893324 4.83448875523 429528.764 6341463.38 Sill 1160 1.26531472921
165 9444.34073575 3.17066733094 426366.1975 6346431.975 Sill 1161 1.35062444228
166 6954.36388661 3.02478400008 420261.6205 6348442.19 Sill 1162 0.242981016041
167 3950.63066848 1.7421152774 413719.2635 6353243.255 Sill 1163 1.11477616217
168 8579.17744077 2.99404011349 408352.6395 6357533.885 Sill 1164 1.12769504018
169 8787.04677618 4.6739320873 434281.3365 6337989.18 Sill 1165 0.717526545135
170 6896.99789595 5.04545231289 444107.6755 6324270.7 Sill 1166 1.5047342613
171 5332.25447943 1.30853640045 482891.265 6297303.15 Sill 1167 0.727871708922
172 2549.23021104 4.43480525279 479356.851 6299778.93 Sill 1168 0.362409083059
173 3809.3984396 4.30602463463 469550.0755 6306942.17 Sill 1169 0.40812544743
174 8012.92685453 5.13959911043 450411.64 6320152.7 Sill 1170 1.29090063989
175 11755.7991718 3.16077598536 421837.214 6340178.65 Sill 1171 0.743781607476
176 4287.58192178 1.38423199816 400586.6295 6355723.045 Sill 1172 0.301840675877
177 10601.111679 2.12153928575 424285.3055 6339675.72 Sill 1173 0.684544613858
178 5400.8343448 4.95093856857 431471.775 6384684.725 Sill 1174 0.910644968005
179 8486.23526053 4.45704100962 438779.105 6394352.11 Sill 1175 0.620074046513
180 5100.04001755 1.97232682124 432569.931 6386126.875 Sill 1176 0.499054701194
181 6949.7259337 1.73038698398 436738.3705 6391641.005 Sill 1177 0.450283210393
182 16056.0835395 2.86977386831 421428.1945 6379025.63 Sill 1178 1.61836344791
183 8048.32295143 2.14038548966 428551.151 6376569.525 Sill 1179 0.677977490304
184 7238.99546668 1.57138720172 406478.8375 6351794.82 Sill 1180 0.528069165265
185 13521.0504704 3.75694549025 423696.6765 6368642.11 Sill 1181 0.501463379209
186 5762.22416583 2.6863268583 417095.229 6365768.54 Sill 1182 0.664211693634
187 12175.1749598 2.14438605832 443387.6765 6400621.795 Sill 1183 0.623280156638
188 7818.16923585 2.30490054691 408227.0105 6335954.81 Sill 1185 0.55394575272
189 3321.45851846 1.26321266883 382974.8325 6301967.63 Sill 1186 0.0678158685255
190 3590.33439159 0.925351431763 385525.2155 6305457.61 Sill 1187 0.160894812904
191 2082.1202988 1.60520303592 411822.582 6323642.475 Sill 1188 0.0972995915085
192 4503.07967852 2.95808634623 412603.6495 6324616.045 Sill 1189 0.283126474177
193 10991.0800383 4.84698879081 433102.1375 6307615.52 Sill 1190 1.63674556465
195 4047.87950845 4.04973655822 449717.831 6333416.015 Sill 1192 0.62273644961
196 11982.7701639 1.34506652656 436336.506 6296124.915 Sill 1193 0.373132942285
197 5362.95316958 3.2374712957 413329.5735 6305077.185 Sill 1194 0.485635800059
198 3269.18961384 3.00465089049 418815.2435 6302890.4 Sill 1195 0.509817902381
199 8867.97684411 3.70770767893 419410.0905 6302670.77 Sill 1196 0.417883496564
200 1632.70540458 1.94019390444 480859.299 6278821.74 Sill 1197 0.155246561045
201 2109.04047523 0.929396036339 496134.411 6272563.23 Sill 1198 0.159623732639
202 5925.91243406 3.46590611304 434041.9015 6296990.115 Sill 1199 0.387813191964
203 7414.46888367 3.1423865522 436012.7425 6296237.945 Sill 1200 0.523252026673
204 2931.00228484 3.43143517229 429048.749 6298891.355 Sill 1201 0.253017932366
205 8825.97175588 2.50514665587 424529.1715 6300655.7 Sill 1202 0.407679720474
206 4874.94937274 3.70982858359 387927.219 6316107.135 Sill 1203 1.0212874641
207 3109.77420389 1.12248775964 368546.154 6323832.965 Sill 1204 0.134298281671
208 7895.49727838 2.21723887974 421569.736 6283818.49 Sill 1205 0.172686764895
209 4087.26346462 1.59344423304 423430.8615 6282546.29 Sill 1206 0.180746697543
210 2075.37478546 0.791041099235 423722.2405 6282342.605 Sill 1207 0.166650033532
211 5237.90439037 2.77622470281 423756.159 6282334.46 Sill 1208 0.396177031059
212 8135.54243648 4.27607818632 402582.745 6296967.755 Sill 1209 0.70385072589
213 3449.74277141 5.35096592921 399321.419 6299183.245 Sill 1210 0.599428319387
214 2962.43175056 4.40529036232 391246.569 6304521.275 Sill 1211 0.371395666151
215 4522.66546055 4.66677514174 405020.5485 6295319.125 Sill 1222 0.270185560081
216 8486.66410146 6.19839367497 399688.2865 6298933.285 Sill 1223 0.616729221759
219 5724.47183606 0.8734217497 391932.5545 6304074.51 Sill 1226 0.244642456702
222 625.178552022 1.47448797946 409266.0965 6292299.845 Sill 1229 0.0414258976373
223 800.536776171 1.11633148044 411032.9765 6291072.38 Sill 1230 0.0793593243717
224 12713.6429227 3.61483790023 465422.687 6267644.605 Sill 1231 1.17237229065
225 8138.9236382 5.06086790822 466790.5635 6266766.71 Sill 1232 0.842846119911
226 4872.43353826 3.51177929878 451893.1255 6276586.655 Sill 1233 0.289188717148
227 4759.74339196 1.05556032108 451648.1165 6276748.485 Sill 1234 0.35129754912
228 4755.0605584 3.1643145351 434818.4415 6288335.13 Sill 1235 1.50065535691
229 2577.29349597 1.97155329821 444409.6145 6281876.975 Sill 1236 0.442704474597
230 4240.22923133 1.10428474963 446550.6775 6280225.32 Sill 1237 0.498490538213
231 2371.93404791 1.99766161299 448640.618 6278710.34 Sill 1238 0.153145197824
232 5203.09050754 2.37261059369 432569.701 6289764.12 Sill 1239 0.811451209746
233 2545.39199062 1.66929202278 419006.948 6298318.895 Sill 1240 0.148889679486
234 11956.569462 3.4216680597 426959.6915 6293296.8 Sill 1241 0.831529300105
235 4176.15412483 4.22021391653 431207.15 6290628.44 Sill 1242 0.888040127234
236 6837.79133612 3.7705247675 412686.1035 6302573.94 Sill 1243 0.640034616791
237 3629.41997973 1.50463278119 397833.124 6312631.25 Sill 1244 0.109904218901
238 2831.10804692 1.86119809929 415462.959 6300711.485 Sill 1245 0.285215759287
239 7930.27343777 2.98327176918 410799.3065 6303844.51 Sill 1246 0.152033385931
240 5893.30976159 5.50624155643 399840.723 6311255.1 Sill 1247 0.359767110387
241 3796.48699457 2.93104629785 418249.3595 6298827.215 Sill 1248 0.638537483074
242 3278.65690581 4.26322167704 434924.9745 6288269.66 Sill 1249 0.434784885403
243 4474.8045219 1.34094422928 441929.833 6283645.445 Sill 1250 0.196087977368
244 7599.17293478 5.15791684505 471710.033 6263408.455 Sill 1251 1.47954654989
245 4854.09067511 2.3893204447 443056.2235 6282810.09 Sill 1252 0.500760967152
246 3925.04476382 4.41614479763 486636.4165 6286071.505 Sill 1254 0.552996989905
247 3226.20124459 2.54311700837 477371.556 6292716.575 Sill 1255 0.402211214703
248 1489.38266641 2.08315904097 473719.487 6295382.875 Sill 1256 0.280009085163
249 9580.89293531 1.05687609947 268081.8995 6468959.77 Sill 1257 0.776805425816
250 8910.5225532 1.1695239825 441885.3565 6364869.08 Sill 1260 0.961230338582
251 15588.0040132 2.92048544579 441298.819 6366150.94 Sill 1261 1.19724664886
252 3696.1901101 3.17704664181 444330.15 6376476.78 Sill 1262 0.389236383938
253 8812.51450123 2.993946365 444361.881 6384951.155 Sill 1263 0.962518388524
254 6139.42420002 3.03153310408 444919.157 6381674.17 Sill 1264 0.710851817917
255 5732.19101948 2.33946328144 444423.3665 6395752.315 Sill 1265 0.357481318165
256 7061.28251464 1.90412983712 444463.1445 6399447.175 Sill 1266 0.275713363809
257 6723.82020103 2.17544451216 444683.2505 6422748.49 Sill 1267 1.09094952868
258 3456.42308355 2.6496239254 444396.55 6389283.375 Sill 1268 0.193451405487
259 13147.2719279 1.39393661153 446680.426 6413472.255 Sill 1269 0.916059396975
261 4632.04943015 1.06835868713 444587.0255 6406089.805 Sill 1271 0.128603970119
262 4815.71043634 6.11254342 284454.1595 6451013.725 Sill 1272 1.74267611491
263 7421.20305638 1.35135035411 278463.8675 6442811.685 Sill 1273 0.303138104717
264 3751.46448211 1.91922182271 281481.996 6447044.39 Sill 1274 0.623687988899
265 1949.44332567 2.75625609092 290347.157 6458808.85 Sill 1275 0.676837455223
266 5556.88518233 2.41083062951 488645.4 6306070.12 Sill 1276 0.802073994423
267 8708.67753156 2.91629033045 389927.0095 6522282.91 Sill 1277 0.433633894079
268 7016.76679657 2.56610097538 372918.7805 6266357.205 Sill 1278 0.813291205863
269 3755.51939422 5.29761531653 349289.206 6284241.655 Sill 1279 0.312510751791
271 4250.10762491 1.16989109524 397653.708 6340804.495 Sill 1289 0.466008955981
272 3388.76357361 2.26160695086 401641.2495 6337859.58 Sill 1290 0.456133280022
273 3951.8099386 0.825385976791 402944.601 6336898.455 Sill 1291 0.248173731465
274 3226.43897728 3.31388532748 402864.6925 6336958.715 Sill 1292 0.566780941275
275 2163.14466326 2.0394145539 400845.036 6338444.345 Sill 1293 0.5071813201
276 4939.62470322 0.740722478617 405147.0915 6335281.4 Sill 1294 0.254177845603
277 6762.10283161 2.67412615428 407584.718 6333533.075 Sill 1295 0.503232154915
278 5838.17517424 1.58380511199 398906.0375 6339880.205 Sill 1296 0.689682896712
279 5476.32629873 3.35794193151 439099.5295 6310694.91 Sill 1297 0.960054565734
280 1949.86654142 1.13478506911 395159.3245 6342645.12 Sill 1298 0.23927875923
281 4087.54311187 0.823812019465 407240.269 6333759.535 Sill 1299 0.547464197131
282 7923.70982919 7.17917929839 453108.36 6299398.6 Sill 1300 2.53232725189
284 7225.56655972 0.77359278807 441746.2945 6365842.34 Sill 1302 0.357176079134
285 13149.167134 1.97507872483 427994.3565 6376191.445 Sill 1303 1.14572961016
286 8924.10182128 1.05682081326 419330.3945 6382721.335 Sill 1304 0.809331524688
287 6126.51240812 1.8020370304 408861.7785 6390637.38 Sill 1305 0.499963083489
288 8074.79251402 1.59995103154 411790.907 6388417.88 Sill 1306 0.31319114971
290 4674.76133376 0.446971811537 375435.818 6416136.91 Sill 1308 0.227628355169
291 2612.91306749 2.90092005126 380318.384 6412448.73 Sill 1309 0.174918344225
293 5650.49679677 1.71604046787 383113.5315 6410290.205 Sill 1311 0.571004939928
294 2924.62623665 1.98383862666 404068.079 6394288.86 Sill 1312 0.550339203656
295 3238.17104237 2.56195788102 409351.8595 6390259.05 Sill 1313 0.728144431036
296 5611.608138 2.26119485431 419306.6355 6382741.89 Sill 1314 0.271030043326
297 1787.62210809 1.6766187746 422172.6095 6380584.695 Sill 1315 0.91453004417
300 3613.04363563 0.879177304199 386621.668 6407582.215 Sill 1318 0.704591825209
302 3398.83001195 2.13185286059 402309.4195 6395609.595 Sill 1320 0.641944722675
304 1612.87429417 1.73798655939 391492.365 6403845.68 Sill 1322 0.253292208453
305 3888.7186214 1.81929611045 391986.3395 6403462.28 Sill 1323 0.658284621302
307 2737.05028099 1.03559451131 411413.1885 6388695.03 Sill 1325 0.0649165028196
308 9832.37349922 7.44003060979 472077.8665 6298836.06 Sill 1326 1.78798439059
309 6052.26239988 4.73043930571 454858.502 6270319.525 Sill 1327 0.759218749928
310 5872.2158564 4.75610091538 462045.893 6281764.63 Sill 1328 0.425034951091
311 3925.2343554 2.55102873391 454360.2895 6269509.195 Sill 1329 0.602325026201
312 4862.77951172 8.50221842619 467902.904 6291023.68 Sill 1330 0.415654279459
313 3438.03517004 4.09413021769 468378.4685 6291772.84 Sill 1331 0.144532596334
314 3870.55437763 5.74187052117 471774.2155 6297698.59 Sill 1332 0.398544382985
315 6850.72449044 2.81857653203 416870.325 6440194.845 Sill 1333 0.766351172269
316 6976.49456351 1.07840057732 411667.343 6443960.05 Sill 1334 0.411272252446
317 3739.78955704 0.9514470405 432095.063 6427597.715 Sill 1335 0.839997698264
318 7457.04664776 1.33726646745 421128.0715 6436788.43 Sill 1336 0.204323259294
319 5457.47611404 6.84850962803 609857.3855 6607370.9 Sill 1338 0.626255084351
320 5286.0550447 3.6105845498 418842.623 6438656.005 Sill 1339 0.461914547711
322 12055.7451796 1.63241842413 403025.6325 6450179.06 Sill 1341 0.317845541283
323 6348.07237353 1.31611924928 404210.3485 6449271.73 Sill 1342 0.357219313782
324 3829.38354215 2.35308858679 399103.37 6453171.895 Sill 1343 0.238613357708
325 2878.56921121 0.608393239272 424776.9325 6433756.575 Sill 1344 0.394929958669
327 1937.40630744 1.3946122768 633939.4885 6577986.28 Sill 1346 0.0790600196255
328 3453.89574686 1.8441562987 680167.088 6642863.965 Sill 1347 0.341865157935
329 3035.93070448 6.42462144106 590945.346 6584174.335 Sill 1348 0.708861545953
330 7928.1367353 3.27307964064 429979.485 6349019.79 Sill 1349 0.536921348047
331 7407.82084372 4.52354844012 425005.9625 6342029.36 Sill 1350 0.754009775322
332 6141.14294281 2.67404517033 421927.148 6400198.25 Sill 1351 0.946837010256
333 3764.49021113 3.16387545117 427577.627 6395810.09 Sill 1352 0.402101039247
334 2062.9858722 3.49341346957 429357.092 6394431.515 Sill 1353 0.734632676593
335 6473.98289452 3.0338403192 439202.816 6386800.835 Sill 1354 0.500231606791
336 4138.4746634 2.30268882593 430416.5495 6393614.56 Sill 1355 0.840079152541
337 3414.92690001 1.19325598764 425797.716 6397188.44 Sill 1356 0.400759473544
338 2001.66138402 1.13374354296 424157.5055 6398451.845 Sill 1357 0.69513269775
339 1849.12654951 1.20422578618 366374.206 6444334.645 Sill 1358 0.590043187119
343 3649.98241313 2.93582966126 378920.1715 6434594.195 Sill 1362 0.391916815012
344 6024.1647912 1.05903068915 370017.4075 6441367.76 Sill 1363 0.357065562659
345 2675.05651365 0.700182886784 383637.65 6431010.81 Sill 1364 0.402927343104
346 2399.60828887 0.679129210917 408272.1885 6411231.06 Sill 1365 0.377733964834
347 3650.24766035 2.10618381493 403293.8605 6415208.525 Sill 1366 0.349399510566
350 2212.00452362 1.36971239492 380909.555 6433111.63 Sill 1369 0.0427872838072
354 3138.52525702 1.83297367219 394891.854 6421905.675 Sill 1373 0.81308140637
355 2675.10298565 1.95726095291 399638.4125 6418082.895 Sill 1374 0.381917597829
356 5937.85716967 1.0032406245 398796.544 6418761.5 Sill 1375 0.269306939141
357 3499.75569945 4.17102839589 379352.736 6434275.09 Sill 1376 0.495921419632
358 3311.88856538 0.850613605433 381991.7845 6432284.24 Sill 1377 0.320154560476
359 3376.87376101 1.09853653087 391977.9845 6424258.86 Sill 1378 0.50634215255
360 3312.68607665 0.41871965487 397920.336 6419467.22 Sill 1379 0.32069336985
361 975.024305479 1.07823890346 399783.239 6417963.845 Sill 1380 0.233397987694
362 5985.70445854 1.21035933255 412169.03 6408030.32 Sill 1381 0.418773715821
363 2899.68526609 1.99844151767 447724.815 6380086.805 Sill 1382 0.558258240633
364 3550.52291114 2.75720232122 372771.324 6439188.08 Sill 1383 0.326598474797
365 2475.49754083 1.14799222724 402541.8595 6415788.98 Sill 1384 0.647388677095
366 5334.40804782 1.26768760165 406330.7355 6412794.17 Sill 1385 0.213605671059
367 2113.78292425 0.296024901841 411142.234 6408884.76 Sill 1386 0.138572916407
368 3650.30868454 1.16588994923 440776.0665 6385587.445 Sill 1387 0.0694975901877
369 4972.96621598 2.06659711438 412466.127 6407790.92 Sill 1388 0.519694432152
370 3148.48516101 7.62856938928 458955.583 6307742.56 Sill 1389 0.263949174136
371 5876.00791429 4.80782035579 463870.9645 6315071.545 Sill 1390 0.86297954325
373 6527.74293548 1.1752912161 422495.1475 6292589.36 Sill 1393 0.0852379070084
374 2649.84945193 1.51405558169 400887.5625 6346634.595 Sill 1394 0.445155447206
375 3506.09490925 1.6695192229 405693.6455 6343268.11 Sill 1395 0.306781329913
376 3292.43417989 3.34113605165 409145.8635 6340897.07 Sill 1396 0.546890357219
377 6600.67073646 5.67800929075 446967.756 6314211.665 Sill 1397 1.21256721273
378 3922.43207513 3.47756580359 432033.474 6324588.075 Sill 1398 1.10916703064
379 2661.23728276 1.62767946314 413511.778 6376965.68 Sill 1399 0.730115382978
380 9489.56551521 3.55615926864 433806.0835 6361636.765 Sill 1400 1.6200041702
381 5438.77279778 3.24701919389 441333.7025 6356127.705 Sill 1401 0.424999255982
382 2400.78055464 3.21929563277 441798.1505 6355798.07 Sill 1402 0.697743473544
383 4263.91727007 3.5029033398 456510.3645 6344985.44 Sill 1403 0.976835447395
384 2176.01873067 4.01668421306 455667.0135 6345600.74 Sill 1404 0.576846250581
385 3279.84424127 2.67599544041 453732.8735 6346983.625 Sill 1405 0.426552695773
386 4339.22358335 4.05917410986 440953.4535 6356411.985 Sill 1406 1.04296391202
387 6231.95873196 2.00974182632 444262.123 6353931.705 Sill 1407 0.291991281201
389 5923.76595285 1.14735766646 615434.832 6564332.48 Sill 1409 0.348796395201
391 2263.73221225 1.3554165018 473866.729 6309577.19 Sill 1411 0.207091443736
392 4499.99572141 5.24642461521 439840.1235 6333976.575 Sill 1412 0.284651794639
393 1188.12745225 3.99420743664 483450.5875 6302848.085 Sill 1413 0.150466616115
394 2812.94493707 0.421513208329 279058.462 6448042.635 Sill 1414 0.215253710321
395 1822.01733491 2.15441526542 378315.2435 6320073.395 Sill 1415 0.0909106984695
397 3133.37776508 1.23141135251 375191.981 6321287.485 Sill 1417 0.251258512504
400 1784.3318278 0.926917208862 377680.875 6320318.36 Sill 1420 0.225742497819
401 5964.37022673 3.87289239134 443045.5045 6293588.575 Sill 1421 0.760815792794
402 6105.03486072 4.80571365445 386820.538 6289655.48 Sill 1424 0.865266254809
404 5599.21581045 1.30720433808 412529.9545 6302691.6 Sill 1426 0.232724337519
405 7221.93396262 4.25122000418 333844.494 6290010.56 Sill 1427 0.183724039501
406 2800.4078848 4.82741751625 345062.6815 6296471.87 Sill 1428 0.644742999479
892 2686.10179195 0.489066724573 386670.732 6396824.035 Sill 8245 0.443180296049
