684079.384 6648122.655 9.08147 0.764587411492 0.28329316054
458084.463 6276992.395 12.822 4.52578398958 1.02788620523
280406.394 6399607.525 3.27181 1.53801108378 0.985146578466
280303.222 6403584.335 2.43574 0.979028298788 0.114623718592
279979.8395 6417983.255 5.0118 3.20210153317 0.696489936181
279069.6165 6447623.98 2.82547 0.767939685062 0.177510597699
278896.584 6454303.575 1.86238 1.39949726622 0.267302302815
278788.7485 6457507.515 2.12471 0.643474837232 0.307056345112
279674.74 6429220.675 1.85002 1.59972675887 0.798000591862
449617.9115 6291516.255 9.72653 5.29642188095 0.292476171304
282850.689 6336475.8 0.850091 1.7150670497 0.238865771472
283274.4785 6324577.39 6.31058 2.86858101746 0.704826002795
295398.4415 6410295.72 6.03636 3.68176891109 0.63849123767
302233.282 6405004.455 4.02562 4.25521632292 0.388370594633
303406.3045 6404096.605 5.53768 1.45202445811 0.595391166627
290449.826 6441732.55 3.85989 2.50432716184 0.403924875933
275007.4145 6453860.115 4.01234 4.67377369564 0.361995253258
354666.448 6280084.645 3.83571 3.28507617249 0.312201516085
459705.7855 6296742.825 6.18919 6.20404906587 0.771785432866
339851.7915 6292120.245 8.31206 4.44825997266 0.709005537086
280340.744 6337283.885 2.65129 3.14686341 0.520452260811
281390.771 6336480.39 2.16444 2.02328343754 0.114220342403
290252.3265 6329589.445 13.6488 5.03477792164 0.854329694902
329611.337 6299274.89 6.75269 1.14999796365 0.221136960429
332579.8685 6297110.71 6.13457 3.21167535188 0.730484913032
343785.276 6288570.635 2.36324 5.77576167803 0.147131778769
357444.863 6278087.18 13.6367 4.51394648491 0.417228377411
434468.7025 6219266.08 8.05015 1.94120482661 0.760781373789
428699.165 6223663.035 3.34618 3.34959272772 0.262426047519
455977.6915 6299659.725 9.98979 4.7259165732 1.36513255605
435657.2015 6218376.52 6.19893 4.77013323535 0.429508984675
408241.4815 6239491.495 2.94578 0.330824768561 0.0554352428028
333690.645 6296312.275 2.80506 1.98950252855 0.444609858141
322495.0675 6304702.52 6.27982 5.40861424476 0.852126505297
289976.322 6313672.1 2.0253 0.692432380595 0.184891688658
300652.8855 6311530.93 8.12559 6.10287220335 0.335753973158
320829.2475 6307807.49 5.78551 4.73250568468 1.40846326353
321380.3105 6307719.28 7.27676 5.08239142734 1.14499997921
308075.8345 6310089.295 4.54907 4.54546056314 0.486549654369
305777.7655 6310513.775 1.92437 3.14238670059 0.122539075107
306677.478 6310360.945 8.62273 5.24543041038 1.30876489977
307234.49 6310247.47 3.23674 4.39780381055 0.219693608464
311117.217 6309525.695 2.23717 5.58385061214 0.728324766914
312371.4385 6309296.65 3.18742 4.94931818976 0.228654997765
315361.4755 6308758.615 4.48894 3.4072029154 0.322425449022
272693.553 6317028.64 5.08855 4.49833237728 0.869478962015
285254.4005 6314566.395 10.8368 5.81953960431 1.42556844482
294073.3435 6312864.155 1.6253 3.84681949888 0.241381113719
296400.7395 6312388.605 3.90079 2.65915429606 0.452239195664
299696.096 6311715.77 3.42605 2.98862395002 0.875135841341
437659.25 6290328.1 4.5076 1.43694604382 0.234080545743
349993.14 6302259.885 4.90494 2.16668748522 0.254922854304
345687.15 6303121.64 14.9632 5.39572233185 0.386624284952
365180.9045 6299032.14 4.92169 1.7211929901 0.197278880117
365506.9205 6298996.91 21.053 1.77173982991 0.909060585567
338619.6275 6304499.46 5.65705 4.33272922087 0.779790474923
340381.0805 6304137.565 3.48422 2.53417218839 0.76082977906
336348.295 6304957.855 5.79561 6.19701356582 0.43396479832
341458.709 6303920.49 5.15823 7.92242897687 1.09381452468
346637.5485 6302893.86 4.32634 4.90839863559 1.65222461986
357706.498 6300707.725 5.53113 2.75533431338 0.320056014685
441121.8665 6294319.925 7.7551 2.88895584051 0.592882752479
402745.8895 6290995.935 5.15802 3.37355670782 0.961436909685
417496.1755 6286376.285 14.6616 4.88923976477 0.965714728833
394824.444 6292895.76 9.41917 1.45113816455 0.146941787092
394895.2825 6292899.085 1.92357 3.21356792498 0.0732501387305
405608.4955 6290422.685 5.72793 2.53812763412 0.120276779235
409706.934 6289727.905 7.10925 2.69721674827 0.175873813092
402502.271 6291108.9 8.51643 4.34620785725 0.360103442783
384886.8565 6295047.205 5.08807 2.94078669856 0.181425478544
379171.659 6294299.345 8.60299 3.63084911107 0.680228204849
438714.136 6310925.855 11.7573 5.19832902236 2.09236798246
378759.1515 6297030.205 4.05211 3.38555269241 0.77346843849
376782.977 6296550.1 4.2498 4.85931397791 1.89111196498
388477.663 6294736.465 10.374 6.01708403054 1.24100108519
394413.3335 6293018.635 2.51423 4.12269138927 0.129375183299
402561.8555 6291025.055 3.9035 1.64039591031 0.103749404969
400288.96 6291565.545 2.76229 2.66877278059 0.169732179754
275756.553 6316407.32 4.31276 8.07866750759 1.55837584414
294557.1645 6312765.23 2.56295 3.83200297984 1.51381524093
323710.2025 6307308.34 6.32807 2.98130305316 0.440951927628
333532.2975 6305527.66 2.47554 2.93951953052 0.141169173868
427017.4255 6286580.14 4.28657 2.98052833503 0.602260445175
424683.7415 6287082.385 2.5666 2.00831520618 0.175294072322
431731.6035 6285557.47 4.40796 1.35792297466 0.391232463938
433263.711 6285242.35 4.50115 2.96103436432 0.759621576529
449329.58 6283061.23 5.43477 3.86747563523 0.826676784199
423176.558 6287394.515 3.09017 1.29143896549 0.209622350556
427433.685 6286490.475 3.43496 0.51462881636 0.374403135058
436177.671 6284682.19 3.73119 1.39155973941 0.349810351086
429533.6255 6286039.09 9.0332 1.33107752252 0.287442301852
417361.482 6288535.81 2.70889 1.25449207648 0.616859992604
446542.229 6314509.305 9.21375 4.29395213189 0.349917115015
416974.281 6288605.655 1.72251 0.900526723081 0.44271729273
263415.095 6318887.385 2.03692 1.72864721548 0.149351088736
462828.3175 6279769.385 4.32303 4.96553752034 1.90245682841
258817.2975 6296961.81 4.99022 3.80598819025 1.10641416043
278739.4825 6311271.495 5.27368 6.17924797305 1.53331503406
296348.0525 6324183.405 7.65597 5.46471171085 0.631019441656
396725.1815 6414714.83 7.75332 1.85504416092 0.40818278475
311599.233 6277701.38 9.13861 8.15064739535 1.00531974107
320586.693 6282696.51 4.90092 5.3471896288 0.974629977488
333333.2355 6289744.65 9.94769 5.55660462237 0.24010642
337185.231 6240415.585 8.80771 6.42962883863 1.47841526389
328520.7425 6228655.93 6.80597 4.80162585623 1.78307813732
324294.1215 6222980.495 6.62178 3.65767695954 0.348765065284
358161.619 6268718.955 7.73459 2.26810954096 0.295139448781
370484.835 6285127.46 6.74137 2.76890912714 0.375696290656
450470.9 6272990.115 4.23758 1.35040257872 0.334405772768
445243.9 6239942.435 16.7015 1.91141378774 0.553635757797
450347.95 6226167.0 6.44402 2.5610765278 0.521889622688
450280.9 6211375.305 11.3072 2.96218900563 1.23876614636
450310.1 6231415.05 4.82263 1.37359442692 0.705101825755
451257.305 6222555.465 4.8818 3.03507992954 0.221091600431
450561.15 6302750.75 3.09834 4.8085674944 0.29298650383
452735.8545 6289336.335 16.4883 4.83245460995 0.398040160101
450593.9 6371595.75 5.37733 1.12253922277 0.495482258675
450169.5195 6359744.38 9.47397 1.28738895933 0.390208106855
450614.3165 6373095.015 3.90785 0.943436651229 0.211798882918
450812.05 6394070.5 4.16121 1.18528034075 0.231934666202
450878.8 6427006.765 2.94112 0.990657636123 0.319915412455
451770.7705 6439237.5 5.27488 1.24308294623 0.623120670564
450323.2 6216789.365 5.56813 3.0582111078 0.525073831115
451498.1475 6219592.635 6.35176 2.493373871 0.634714670303
450330.4 6218151.115 6.63098 3.76314514603 0.583783002335
450481.7 6282580.685 9.08391 1.93695677125 0.238794363947
450604.7335 6367137.665 4.75464 1.62935066946 0.399021941688
441196.3435 6220694.45 6.26213 2.2033908907 0.652142315268
456773.084 6222006.28 3.68036 3.86818288206 0.746739262852
455917.1395 6239500.46 6.41377 1.54642920134 0.384081467327
456005.009 6239507.24 8.5497 3.01796208335 0.652964280141
449031.728 6239513.59 6.79726 1.56493210459 0.196479637889
444036.909 6239625.95 8.49856 1.89723808663 0.893768065936
444055.5885 6239538.85 2.87472 0.963748983084 0.0993264892409
467892.2165 6249286.335 9.82454 4.4377070799 1.44274589446
463618.0 6249326.765 6.9722 6.87586591009 0.789211284698
459271.5665 6249347.7 9.76988 3.46063108229 0.799499390314
463473.1665 6249317.3 4.49062 6.29303855644 0.583492356286
359243.461 6409394.795 2.6726 1.74339167715 0.374555280918
368485.3505 6402305.92 2.2745 0.561208475985 0.186382968814
422688.608 6360322.36 8.94885 2.00282446035 0.56480611352
450311.25 6215830.825 5.51631 4.30583675794 0.615793190972
475825.4 6285141.575 8.6163 5.73199786278 0.670071185759
419927.085 6362901.275 4.89889 3.64281426021 1.22296253756
424924.8375 6359095.765 3.11174 2.77457235822 0.692857748655
427556.461 6357094.74 2.87544 3.08980714809 1.08634651691
446343.411 6342877.99 10.8023 4.09307331183 0.872031835095
451956.0845 6338850.695 2.16351 4.26026677406 0.831235748943
431261.1965 6354248.595 7.96842 3.40296948428 0.898642975561
431337.4585 6353554.04 7.57981 2.49062842686 0.510471550432
464420.6755 6329438.475 13.5988 5.18234857454 4.58058751501
489179.3955 6297853.97 7.05875 3.46899528515 1.04268669216
439814.0915 6334042.4 12.2056 3.96109992776 1.43664225543
429693.1485 6341339.06 4.82443 2.13087105275 0.374336619639
429528.764 6341463.38 5.08667 4.83448875523 1.26531472921
426366.1975 6346431.975 9.44434 3.17066733094 1.35062444228
420261.6205 6348442.19 6.95436 3.02478400008 0.242981016041
413719.2635 6353243.255 3.95063 1.7421152774 1.11477616217
408352.6395 6357533.885 8.57918 2.99404011349 1.12769504018
434281.3365 6337989.18 8.78705 4.6739320873 0.717526545135
444107.6755 6324270.7 6.897 5.04545231289 1.5047342613
482891.265 6297303.15 5.33225 1.30853640045 0.727871708922
479356.851 6299778.93 2.54923 4.43480525279 0.362409083059
469550.0755 6306942.17 3.8094 4.30602463463 0.40812544743
450411.64 6320152.7 8.01293 5.13959911043 1.29090063989
421837.214 6340178.65 11.7558 3.16077598536 0.743781607476
400586.6295 6355723.045 4.28758 1.38423199816 0.301840675877
424285.3055 6339675.72 10.6011 2.12153928575 0.684544613858
431471.775 6384684.725 5.40083 4.95093856857 0.910644968005
438779.105 6394352.11 8.48624 4.45704100962 0.620074046513
432569.931 6386126.875 5.10004 1.97232682124 0.499054701194
436738.3705 6391641.005 6.94973 1.73038698398 0.450283210393
421428.1945 6379025.63 16.0561 2.86977386831 1.61836344791
428551.151 6376569.525 8.04832 2.14038548966 0.677977490304
406478.8375 6351794.82 7.239 1.57138720172 0.528069165265
423696.6765 6368642.11 13.5211 3.75694549025 0.501463379209
417095.229 6365768.54 5.76222 2.6863268583 0.664211693634
443387.6765 6400621.795 12.1752 2.14438605832 0.623280156638
408227.0105 6335954.81 7.81817 2.30490054691 0.55394575272
382974.8325 6301967.63 3.32146 1.26321266883 0.0678158685255
385525.2155 6305457.61 3.59033 0.925351431763 0.160894812904
411822.582 6323642.475 2.08212 1.60520303592 0.0972995915085
412603.6495 6324616.045 4.50308 2.95808634623 0.283126474177
433102.1375 6307615.52 10.9911 4.84698879081 1.63674556465
449717.831 6333416.015 4.04788 4.04973655822 0.62273644961
436336.506 6296124.915 11.9828 1.34506652656 0.373132942285
413329.5735 6305077.185 5.36295 3.2374712957 0.485635800059
418815.2435 6302890.4 3.26919 3.00465089049 0.509817902381
419410.0905 6302670.77 8.86798 3.70770767893 0.417883496564
480859.299 6278821.74 1.63271 1.94019390444 0.155246561045
496134.411 6272563.23 2.10904 0.929396036339 0.159623732639
434041.9015 6296990.115 5.92591 3.46590611304 0.387813191964
436012.7425 6296237.945 7.41447 3.1423865522 0.523252026673
429048.749 6298891.355 2.931 3.43143517229 0.253017932366
424529.1715 6300655.7 8.82597 2.50514665587 0.407679720474
387927.219 6316107.135 4.87495 3.70982858359 1.0212874641
368546.154 6323832.965 3.10977 1.12248775964 0.134298281671
421569.736 6283818.49 7.8955 2.21723887974 0.172686764895
423430.8615 6282546.29 4.08726 1.59344423304 0.180746697543
423722.2405 6282342.605 2.07537 0.791041099235 0.166650033532
423756.159 6282334.46 5.2379 2.77622470281 0.396177031059
402582.745 6296967.755 8.13554 4.27607818632 0.70385072589
399321.419 6299183.245 3.44974 5.35096592921 0.599428319387
391246.569 6304521.275 2.96243 4.40529036232 0.371395666151
405020.5485 6295319.125 4.52267 4.66677514174 0.270185560081
399688.2865 6298933.285 8.48666 6.19839367497 0.616729221759
391932.5545 6304074.51 5.72447 0.8734217497 0.244642456702
409266.0965 6292299.845 0.625179 1.47448797946 0.0414258976373
411032.9765 6291072.38 0.800537 1.11633148044 0.0793593243717
465422.687 6267644.605 12.7136 3.61483790023 1.17237229065
466790.5635 6266766.71 8.13892 5.06086790822 0.842846119911
451893.1255 6276586.655 4.87243 3.51177929878 0.289188717148
451648.1165 6276748.485 4.75974 1.05556032108 0.35129754912
434818.4415 6288335.13 4.75506 3.1643145351 1.50065535691
444409.6145 6281876.975 2.57729 1.97155329821 0.442704474597
446550.6775 6280225.32 4.24023 1.10428474963 0.498490538213
448640.618 6278710.34 2.37193 1.99766161299 0.153145197824
432569.701 6289764.12 5.20309 2.37261059369 0.811451209746
419006.948 6298318.895 2.54539 1.66929202278 0.148889679486
426959.6915 6293296.8 11.9566 3.4216680597 0.831529300105
431207.15 6290628.44 4.17615 4.22021391653 0.888040127234
412686.1035 6302573.94 6.83779 3.7705247675 0.640034616791
397833.124 6312631.25 3.62942 1.50463278119 0.109904218901
415462.959 6300711.485 2.83111 1.86119809929 0.285215759287
410799.3065 6303844.51 7.93027 2.98327176918 0.152033385931
399840.723 6311255.1 5.89331 5.50624155643 0.359767110387
418249.3595 6298827.215 3.79649 2.93104629785 0.638537483074
434924.9745 6288269.66 3.27866 4.26322167704 0.434784885403
441929.833 6283645.445 4.4748 1.34094422928 0.196087977368
471710.033 6263408.455 7.59917 5.15791684505 1.47954654989
443056.2235 6282810.09 4.85409 2.3893204447 0.500760967152
486636.4165 6286071.505 3.92504 4.41614479763 0.552996989905
477371.556 6292716.575 3.2262 2.54311700837 0.402211214703
473719.487 6295382.875 1.48938 2.08315904097 0.280009085163
268081.8995 6468959.77 9.58089 1.05687609947 0.776805425816
441885.3565 6364869.08 8.91052 1.1695239825 0.961230338582
441298.819 6366150.94 15.588 2.92048544579 1.19724664886
444330.15 6376476.78 3.69619 3.17704664181 0.389236383938
444361.881 6384951.155 8.81251 2.993946365 0.962518388524
444919.157 6381674.17 6.13942 3.03153310408 0.710851817917
444423.3665 6395752.315 5.73219 2.33946328144 0.357481318165
444463.1445 6399447.175 7.06128 1.90412983712 0.275713363809
444683.2505 6422748.49 6.72382 2.17544451216 1.09094952868
444396.55 6389283.375 3.45642 2.6496239254 0.193451405487
446680.426 6413472.255 13.1473 1.39393661153 0.916059396975
444587.0255 6406089.805 4.63205 1.06835868713 0.128603970119
284454.1595 6451013.725 4.81571 6.11254342 1.74267611491
278463.8675 6442811.685 7.4212 1.35135035411 0.303138104717
281481.996 6447044.39 3.75146 1.91922182271 0.623687988899
290347.157 6458808.85 1.94944 2.75625609092 0.676837455223
488645.4 6306070.12 5.55689 2.41083062951 0.802073994423
389927.0095 6522282.91 8.70868 2.91629033045 0.433633894079
372918.7805 6266357.205 7.01677 2.56610097538 0.813291205863
349289.206 6284241.655 3.75552 5.29761531653 0.312510751791
397653.708 6340804.495 4.25011 1.16989109524 0.466008955981
401641.2495 6337859.58 3.38876 2.26160695086 0.456133280022
402944.601 6336898.455 3.95181 0.825385976791 0.248173731465
402864.6925 6336958.715 3.22644 3.31388532748 0.566780941275
400845.036 6338444.345 2.16314 2.0394145539 0.5071813201
405147.0915 6335281.4 4.93962 0.740722478617 0.254177845603
407584.718 6333533.075 6.7621 2.67412615428 0.503232154915
398906.0375 6339880.205 5.83818 1.58380511199 0.689682896712
439099.5295 6310694.91 5.47633 3.35794193151 0.960054565734
395159.3245 6342645.12 1.94987 1.13478506911 0.23927875923
407240.269 6333759.535 4.08754 0.823812019465 0.547464197131
453108.36 6299398.6 7.92371 7.17917929839 2.53232725189
441746.2945 6365842.34 7.22557 0.77359278807 0.357176079134
427994.3565 6376191.445 13.1492 1.97507872483 1.14572961016
419330.3945 6382721.335 8.9241 1.05682081326 0.809331524688
408861.7785 6390637.38 6.12651 1.8020370304 0.499963083489
411790.907 6388417.88 8.07479 1.59995103154 0.31319114971
375435.818 6416136.91 4.67476 0.446971811537 0.227628355169
380318.384 6412448.73 2.61291 2.90092005126 0.174918344225
383113.5315 6410290.205 5.6505 1.71604046787 0.571004939928
404068.079 6394288.86 2.92463 1.98383862666 0.550339203656
409351.8595 6390259.05 3.23817 2.56195788102 0.728144431036
419306.6355 6382741.89 5.61161 2.26119485431 0.271030043326
422172.6095 6380584.695 1.78762 1.6766187746 0.91453004417
386621.668 6407582.215 3.61304 0.879177304199 0.704591825209
402309.4195 6395609.595 3.39883 2.13185286059 0.641944722675
391492.365 6403845.68 1.61287 1.73798655939 0.253292208453
391986.3395 6403462.28 3.88872 1.81929611045 0.658284621302
411413.1885 6388695.03 2.73705 1.03559451131 0.0649165028196
472077.8665 6298836.06 9.83237 7.44003060979 1.78798439059
454858.502 6270319.525 6.05226 4.73043930571 0.759218749928
462045.893 6281764.63 5.87222 4.75610091538 0.425034951091
454360.2895 6269509.195 3.92523 2.55102873391 0.602325026201
467902.904 6291023.68 4.86278 8.50221842619 0.415654279459
468378.4685 6291772.84 3.43804 4.09413021769 0.144532596334
471774.2155 6297698.59 3.87055 5.74187052117 0.398544382985
416870.325 6440194.845 6.85072 2.81857653203 0.766351172269
411667.343 6443960.05 6.97649 1.07840057732 0.411272252446
432095.063 6427597.715 3.73979 0.9514470405 0.839997698264
421128.0715 6436788.43 7.45705 1.33726646745 0.204323259294
609857.3855 6607370.9 5.45748 6.84850962803 0.626255084351
418842.623 6438656.005 5.28606 3.6105845498 0.461914547711
403025.6325 6450179.06 12.0557 1.63241842413 0.317845541283
404210.3485 6449271.73 6.34807 1.31611924928 0.357219313782
399103.37 6453171.895 3.82938 2.35308858679 0.238613357708
424776.9325 6433756.575 2.87857 0.608393239272 0.394929958669
633939.4885 6577986.28 1.93741 1.3946122768 0.0790600196255
680167.088 6642863.965 3.4539 1.8441562987 0.341865157935
590945.346 6584174.335 3.03593 6.42462144106 0.708861545953
429979.485 6349019.79 7.92814 3.27307964064 0.536921348047
425005.9625 6342029.36 7.40782 4.52354844012 0.754009775322
421927.148 6400198.25 6.14114 2.67404517033 0.946837010256
427577.627 6395810.09 3.76449 3.16387545117 0.402101039247
429357.092 6394431.515 2.06299 3.49341346957 0.734632676593
439202.816 6386800.835 6.47398 3.0338403192 0.500231606791
430416.5495 6393614.56 4.13847 2.30268882593 0.840079152541
425797.716 6397188.44 3.41493 1.19325598764 0.400759473544
424157.5055 6398451.845 2.00166 1.13374354296 0.69513269775
366374.206 6444334.645 1.84913 1.20422578618 0.590043187119
378920.1715 6434594.195 3.64998 2.93582966126 0.391916815012
370017.4075 6441367.76 6.02416 1.05903068915 0.357065562659
383637.65 6431010.81 2.67506 0.700182886784 0.402927343104
408272.1885 6411231.06 2.39961 0.679129210917 0.377733964834
403293.8605 6415208.525 3.65025 2.10618381493 0.349399510566
380909.555 6433111.63 2.212 1.36971239492 0.0427872838072
394891.854 6421905.675 3.13853 1.83297367219 0.81308140637
399638.4125 6418082.895 2.6751 1.95726095291 0.381917597829
398796.544 6418761.5 5.93786 1.0032406245 0.269306939141
379352.736 6434275.09 3.49976 4.17102839589 0.495921419632
381991.7845 6432284.24 3.31189 0.850613605433 0.320154560476
391977.9845 6424258.86 3.37687 1.09853653087 0.50634215255
397920.336 6419467.22 3.31269 0.41871965487 0.32069336985
399783.239 6417963.845 0.975024 1.07823890346 0.233397987694
412169.03 6408030.32 5.9857 1.21035933255 0.418773715821
447724.815 6380086.805 2.89969 1.99844151767 0.558258240633
372771.324 6439188.08 3.55052 2.75720232122 0.326598474797
402541.8595 6415788.98 2.4755 1.14799222724 0.647388677095
406330.7355 6412794.17 5.33441 1.26768760165 0.213605671059
411142.234 6408884.76 2.11378 0.296024901841 0.138572916407
440776.0665 6385587.445 3.65031 1.16588994923 0.0694975901877
412466.127 6407790.92 4.97297 2.06659711438 0.519694432152
458955.583 6307742.56 3.14849 7.62856938928 0.263949174136
463870.9645 6315071.545 5.87601 4.80782035579 0.86297954325
422495.1475 6292589.36 6.52774 1.1752912161 0.0852379070084
400887.5625 6346634.595 2.64985 1.51405558169 0.445155447206
405693.6455 6343268.11 3.50609 1.6695192229 0.306781329913
409145.8635 6340897.07 3.29243 3.34113605165 0.546890357219
446967.756 6314211.665 6.60067 5.67800929075 1.21256721273
432033.474 6324588.075 3.92243 3.47756580359 1.10916703064
413511.778 6376965.68 2.66124 1.62767946314 0.730115382978
433806.0835 6361636.765 9.48957 3.55615926864 1.6200041702
441333.7025 6356127.705 5.43877 3.24701919389 0.424999255982
441798.1505 6355798.07 2.40078 3.21929563277 0.697743473544
456510.3645 6344985.44 4.26392 3.5029033398 0.976835447395
455667.0135 6345600.74 2.17602 4.01668421306 0.576846250581
453732.8735 6346983.625 3.27984 2.67599544041 0.426552695773
440953.4535 6356411.985 4.33922 4.05917410986 1.04296391202
444262.123 6353931.705 6.23196 2.00974182632 0.291991281201
615434.832 6564332.48 5.92377 1.14735766646 0.348796395201
473866.729 6309577.19 2.26373 1.3554165018 0.207091443736
439840.1235 6333976.575 4.5 5.24642461521 0.284651794639
483450.5875 6302848.085 1.18813 3.99420743664 0.150466616115
279058.462 6448042.635 2.81294 0.421513208329 0.215253710321
378315.2435 6320073.395 1.82202 2.15441526542 0.0909106984695
375191.981 6321287.485 3.13338 1.23141135251 0.251258512504
377680.875 6320318.36 1.78433 0.926917208862 0.225742497819
443045.5045 6293588.575 5.96437 3.87289239134 0.760815792794
386820.538 6289655.48 6.10503 4.80571365445 0.865266254809
412529.9545 6302691.6 5.59922 1.30720433808 0.232724337519
333844.494 6290010.56 7.22193 4.25122000418 0.183724039501
345062.6815 6296471.87 2.80041 4.82741751625 0.644742999479
458382.3035 6222113.08 9.56491 2.54788297828 2.23212499871
441180.624 6221300.86 3.04306 2.20251525614 0.290559480976
452919.5855 6220039.6 10.1925 2.65916413268 1.19253456267
461477.8565 6222263.045 3.29662 4.29791559589 0.223244132988
444301.298 6213086.375 11.0768 4.64294886437 1.52044079043
459786.9245 6297680.81 12.2623 5.00268482542 1.79142301371
460739.9785 6330042.855 22.8031 3.18598173342 0.656782324078
442639.342 6325896.895 25.925 3.66742974887 1.03992011541
459163.042 6314411.085 5.05532 6.2080373881 0.895885619612
300300.5185 6628535.0 2.9372 2.27963115583 0.297712806505
305560.002 6601569.935 10.7947 5.36046162032 1.43489725194
307563.0935 6628346.91 3.15633 4.80196836479 0.663654456582
309773.7105 6631387.605 7.01791 0.849760081275 0.693530636572
254100.165 6523674.98 2.23719 2.46680704267 0.410950991136
258445.3335 6538592.335 9.11945 2.69800720303 0.950836277786
265497.0175 6585993.075 4.56441 2.8364457537 0.636633828501
273124.712 6529083.46 3.9752 1.48392671239 0.90010789797
277314.8745 6525900.49 5.94917 1.81338684977 0.476434921475
275275.851 6527472.15 3.24947 2.15769984775 0.327676126544
278995.9695 6486502.82 4.03753 1.26827047224 0.498493862605
291842.4325 6476247.935 11.887 3.78333882829 0.520251336337
288717.9515 6478745.505 6.46196 1.44207229364 0.445857497161
296980.632 6472145.865 4.58744 3.76972663366 0.742390552326
302645.7715 6467573.86 4.4973 4.66619804616 0.33128034899
300789.4245 6469074.46 7.42354 2.13960225572 1.34397248372
249984.9075 6509457.24 5.47498 2.66355123177 0.321755618545
289760.47 6442238.89 2.8494 1.71959917062 0.827785300262
288740.9845 6443077.255 6.4125 4.52343815893 1.10692901318
288589.717 6443146.01 3.88732 1.59250975173 0.511224599144
287727.3685 6443839.495 3.1008 2.72578237417 0.916662399554
284842.496 6446126.05 4.56192 1.59318802316 1.13101324915
276955.681 6452283.705 2.4499 1.04879336611 0.912467227455
270840.8805 6457215.655 9.08706 4.26657621802 2.13764648403
271527.9305 6456673.94 5.21239 3.51025643672 1.28932262425
273035.589 6455457.105 1.71248 1.81635391743 0.51719759793
273826.804 6454815.385 0.749988 0.341310549953 0.198341762648
250430.1645 6473283.405 2.58735 1.13195581055 0.213848689737
250475.4185 6473249.87 3.82486 1.52056470919 0.961346951626
246017.9855 6476782.315 4.65028 2.22811959744 0.381176416623
275021.5625 6453847.78 2.42489 1.27490619723 0.329950911351
275031.2535 6453839.88 0.749965 2.07323730682 0.102811708816
281891.8 6448419.625 3.5628 1.01833380297 0.176124317187
273308.275 6427359.86 5.17725 1.61315170073 0.461699552075
276139.89 6425178.285 3.80122 1.92094999486 0.253894711738
291875.1545 6413021.795 4.52252 1.54918295095 0.269777396532
289257.921 6415049.19 5.05035 2.73505809363 0.723388863418
298494.139 6407893.215 3.0024 2.44907658613 0.0839221656368
295234.895 6410421.48 5.4996 2.45750071959 0.488169326659
317981.056 6392805.825 8.56123 1.58414868856 0.204116077086
310167.1245 6398865.015 10.2893 1.93850587422 0.792402712175
295388.383 6410302.27 5.91232 2.70766394945 1.30091171499
300936.819 6406003.395 5.35106 3.3174606011 1.0293150097
287722.3125 6416220.845 4.93552 2.02734319848 0.394534714797
280912.7155 6421502.61 10.6759 2.22949426629 0.585047762381
280718.4615 6421637.52 9.07398 2.76657468137 1.10271608713
306171.3465 6401962.38 1.20007 1.08741596444 0.952271761603
334195.35 6380243.925 5.53554 0.486416202864 0.225646969158
264484.0975 6434225.525 1.84891 1.10030866731 0.104194887929
324751.5475 6387551.785 7.65286 1.63381150196 0.796723754343
328086.6665 6384963.27 2.31122 1.2099325924 0.458588698351
473617.2155 6272307.46 6.61565 7.30588568357 2.11489283191
463547.7695 6281362.355 7.73811 3.26397609323 1.0953429033
459293.9265 6283329.83 3.02535 2.2688054388 0.978454466548
441291.254 6297321.36 10.1003 4.32686648652 0.789538599245
429813.984 6305728.345 8.54194 3.23712082733 0.36853809297
439822.667 6300670.385 15.2877 3.7806590116 0.780573981443
448879.6895 6291441.955 9.02673 4.79250962336 0.933375046378
427357.837 6306791.03 16.7824 4.74409499331 1.21209880004
401334.8965 6328253.655 3.90867 2.16036442943 0.440871690179
409106.2235 6323248.51 8.91144 3.19683627347 0.848676097999
403772.9355 6326371.27 4.62426 2.00154609629 0.690384270861
413173.7135 6319098.215 7.3723 3.66043911403 0.908880864715
422049.42 6312228.68 10.2492 4.09217169593 1.15328968886
394636.1385 6333446.62 6.13717 1.1504668367 0.421671241645
397524.903 6331203.92 6.1761 1.55731187866 0.616900707026
298533.7305 6393498.45 11.4533 1.90661127835 0.732962221538
299195.4615 6392935.54 3.32421 1.47374165834 0.169668373952
289812.5165 6400017.68 3.03374 5.40820922807 1.10204989296
281535.333 6407929.18 7.9936 2.9452436685 1.04936014118
284341.865 6404227.85 5.54413 2.65984175892 0.785550139802
281179.031 6406846.225 4.15125 0.802892887151 0.102029831407
281207.4055 6406809.855 2.30248 0.147307060629 0.129006030547
305108.7085 6478849.62 7.12207 1.40649598115 0.565069699775
304972.825 6478647.57 5.78532 2.31020109659 0.868392293758
300033.1175 6471982.84 8.38166 1.94819927349 0.457426287135
272188.7305 6433845.885 2.83909 1.14019302295 0.587435048377
273613.0765 6435800.34 2.29813 2.20879431141 0.567330803529
275494.592 6438542.235 4.32804 2.69875701685 0.73018933164
278783.733 6443288.165 5.62361 1.29016223826 0.613841709382
281965.0475 6447713.575 1.65062 1.01980187545 0.108044154606
285519.6285 6452411.395 7.80533 0.930049444111 0.239358717197
291139.952 6459901.165 4.02401 1.83564428275 0.401893219482
277546.193 6481593.79 2.33759 0.938027381549 0.279019712404
276043.4155 6479652.685 2.24728 2.07380983621 0.203379205464
282092.632 6487724.23 3.17617 1.02215515337 0.321044145403
258354.213 6455741.495 4.82331 2.00287559789 0.175916875784
256740.8835 6453600.855 2.76223 1.91696884024 0.390099297581
261344.48 6459683.93 2.94893 1.74532090496 0.623229452931
281369.721 6486726.48 2.76405 1.67315743395 0.248699058146
247545.26 6477975.66 5.74967 2.41464541855 0.525289159118
244874.218 6473996.175 4.58893 0.93029113749 0.2254621818
250284.066 6481393.495 1.18749 2.48348116395 0.227792980656
249974.584 6480977.18 3.35021 2.65288325766 1.1076078761
258894.5365 6492724.115 1.06392 0.689168789589 0.305255600497
260792.8825 6495186.53 1.50093 0.922904135448 0.272989116874
259847.135 6493949.14 1.31371 0.497730529962 0.120494310106
275904.843 6516034.245 3.06234 2.60382322369 0.409673613005
278538.8755 6537677.71 5.43805 1.79352545167 0.464143674537
273778.3775 6535286.68 3.64059 1.34958946484 0.297171446802
278182.4765 6537510.83 3.57554 1.11338254067 0.20135909899
280905.727 6538841.985 2.21189 1.15392300677 0.109482508427
407480.391 6601140.525 7.8381 4.22937295754 0.602485874261
411941.8705 6603313.93 5.91196 1.06171148726 0.460414115168
406128.3125 6600476.85 3.90087 1.58935904267 0.398325495021
407171.225 6600990.315 6.35076 0.802491854377 0.659507867032
610601.109 6606775.93 7.38718 4.66027268737 1.34942990979
586568.543 6625214.87 14.2334 9.01257804379 1.07344161184
590206.3565 6622252.085 9.02398 7.73604445354 1.3759338176
610097.7855 6607179.87 6.17159 2.49346941527 0.707440455551
615336.8695 6603043.695 5.0232 3.07803303386 1.61121910742
596261.5115 6617435.155 4.57947 3.83678065101 0.358967919568
600734.2405 6606101.855 6.73197 5.87110441687 0.779293888883
594343.949 6611114.455 2.85659 3.02202725239 0.201854793784
603844.68 6603663.195 5.76109 4.55022043715 0.338853830192
589327.3595 6614943.76 3.19897 2.83901032355 0.317058685321
593349.655 6572682.28 3.53249 1.30507839399 0.322333854456
592502.939 6573273.765 4.09644 1.67901384982 0.180704510143
594000.3925 6582047.34 4.05947 3.20746888311 0.544981244267
594642.606 6581603.29 1.19894 1.90179378402 0.275111369827
596279.153 6580434.975 3.99663 5.3317602551 0.748633878777
598326.7185 6578996.705 3.28023 5.32498746863 0.83037715799
605471.744 6589798.32 4.13794 2.58512054574 1.32210860588
596287.4605 6625443.405 6.4174 3.74217890522 0.429281086851
604504.0495 6619412.855 4.12524 4.97011756337 0.444415549205
606961.034 6617573.39 7.36457 4.28517326348 0.666500007368
616602.095 6610422.435 5.01501 2.07870094555 0.576816509545
573236.263 6552890.85 10.3431 5.00776450899 0.676159505153
578286.6955 6548214.96 3.60337 3.08842735923 1.09526455307
577161.8955 6547015.035 11.4244 5.43162183358 1.68361014285
571792.441 6554005.425 6.12008 4.48699452756 0.662094894957
562698.791 6527163.765 3.91585 3.41984871066 0.38795280049
564173.832 6529049.115 1.76922 4.14525996368 0.133984515864
566105.759 6531524.885 6.13043 2.49712061088 0.842712281486
559591.171 6523146.075 1.27374 2.63548924014 0.245050775297
555916.051 6518359.59 7.24917 4.01833312636 0.475919014947
575672.596 6544632.03 1.6336 5.58967322878 0.40288429558
577313.964 6547013.81 2.36939 3.22349760972 0.523368949535
578098.943 6548113.81 6.12583 2.10410470884 0.392150219842
582096.5055 6553762.875 5.93872 4.20180793981 0.709155232648
582778.122 6554712.605 3.70076 4.52945579435 0.969056899219
579524.815 6550125.72 7.69628 4.61746299142 1.24757655762
572634.1425 6540431.795 14.611 5.89488413821 2.08570946271
574873.4055 6543481.215 8.04947 6.75462035248 0.634559016306
448137.0355 6373548.5 5.70308 2.10651165495 0.703711228019
452296.269 6379091.28 2.37644 1.72277558585 0.851575666177
454629.5065 6382217.96 2.7752 3.11111422197 1.05815006601
446876.432 6371838.435 5.74758 3.53847401298 1.16242134348
434260.138 6354908.42 9.55396 2.42477519107 0.590537740125
441634.3225 6361578.775 10.0552 3.32121036824 1.03391491665
453426.0985 6376954.435 9.02272 4.15893777517 1.75860903313
424587.504 6340880.47 9.04815 3.38816615584 0.872252309098
415820.942 6328833.69 3.03152 1.54250492545 0.500723849997
413937.4825 6326265.425 3.03824 1.6888748639 0.365592896056
421195.814 6336530.68 5.44645 4.38540061223 0.787140214776
421023.9405 6334745.84 8.655 1.58391747714 0.68814634981
444665.5135 6368838.73 2.29218 3.09896067794 0.675787890111
420509.8975 6333580.19 12.2317 4.45643480065 2.02865435043
412806.201 6324794.87 1.39699 1.18311012428 0.185405516583
417460.6825 6331141.995 3.15741 2.2491650917 0.24336707319
435840.981 6349708.41 15.8895 3.44095933073 0.992331119492
429890.29 6346504.47 6.2688 2.36029459319 0.615637897324
568456.305 6534561.045 1.3993 0.594111054521 0.387881224774
426713.2735 6455547.3 4.18742 1.95347285719 0.820190189353
421813.7825 6448846.05 1.54852 1.31715347412 0.457379947248
422593.9255 6449930.88 1.27377 1.31186413023 0.387670254594
418518.406 6444209.275 1.53665 1.1742456772 0.869453207278
413331.634 6436911.62 2.7652 1.24756339657 0.275446699205
417359.0155 6442587.7 3.77444 2.18137366277 0.772292650342
414350.0345 6438352.05 2.43951 2.50709586362 0.245154723627
408246.56 6429867.45 5.12634 2.152301708 0.447859301576
416723.6265 6441697.625 3.26297 1.19367637488 0.292817393675
392622.01 6409485.27 1.43842 1.32056832814 0.186945097915
400624.189 6419620.36 3.00513 2.30309386077 0.445381760424
387036.34 6401964.585 1.77464 0.910868989954 0.221992456945
384315.243 6398627.545 2.99326 1.3082016978 0.201132670494
406078.943 6426887.525 4.41708 1.38031880598 0.611986611883
413450.4555 6437095.585 6.75597 2.41018325513 0.239568938728
420275.79 6446683.655 3.65875 0.822131279392 0.128952662926
446672.6215 6503389.53 4.11253 2.75206678764 0.365502228105
450132.473 6507505.375 6.67404 3.69799979404 0.695256526017
531980.535 6522101.015 7.7737 5.004739293 0.158646770942
546168.6155 6511126.415 7.74621 2.96178885955 0.685529718875
531288.675 6526841.905 4.27948 0.832718047685 0.764186271652
551082.9115 6521599.425 4.45946 2.29668607297 0.619714856403
556212.679 6517991.795 6.01107 1.71638381001 0.526288179729
538505.927 6531157.065 2.38942 4.9758718486 0.442899884503
539668.298 6530247.185 2.53947 1.79780864801 0.911686336051
543234.244 6527496.49 2.31497 4.23562126525 0.303900974166
552076.051 6535841.19 4.89896 1.69515784173 0.806550535278
557491.643 6531923.235 8.51953 2.62278725505 0.822151240759
555831.9635 6533124.705 5.4212 1.08666293905 0.318973515228
262076.702 6299317.715 4.20462 1.44854728511 0.442587942487
259702.8265 6297624.825 3.45395 3.13563960163 0.557003472429
259049.6675 6297161.25 2.1023 2.82478262212 1.04081464844
258058.515 6296430.23 2.73841 4.24258539575 1.03479932548
261955.9185 6299228.6 2.17737 1.58179450122 0.452022932693
260319.4875 6298064.035 3.4915 6.596264836 1.25913742941
262042.074 6299290.96 2.86565 4.5443737771 1.74447261243
255663.4515 6294575.085 3.37212 5.76807447926 0.345848706681
274156.7085 6307968.08 1.8501 2.55286284117 0.433015139206
267058.391 6302878.945 4.59019 2.77347254973 0.675377846258
264992.2525 6301403.22 1.58856 2.06861926238 0.745641211931
260003.3455 6297839.17 1.73951 2.60927038413 0.283174974907
271882.1525 6306334.275 4.701 3.70943938505 1.4298959802
275389.0555 6308855.695 2.68745 1.69152069288 0.232189585746
275881.0535 6309209.915 2.49987 2.36626147765 0.337053098749
281559.217 6313311.82 2.83694 3.20534962514 0.33652630483
277959.9675 6310707.235 5.29891 4.21883963227 0.796468721835
275501.3775 6308935.06 1.91244 4.0256921763 0.132279341952
276550.4915 6309691.96 2.62471 2.43585330499 0.0895884857137
269302.3655 6304491.69 9.11636 4.03817311204 2.43762982709
270850.5465 6305595.235 4.31387 3.37340654538 1.18033938574
287260.548 6317477.195 4.43509 1.89955164359 1.03606263927
284614.0145 6315550.215 2.73731 0.137716481379 0.0847621523105
283564.461 6315001.785 9.2754 2.00995949579 1.72435324134
282959.7735 6316208.805 8.14985 4.79732110094 1.64141798419
294407.7175 6322715.765 3.21558 2.5330785583 0.680523324885
291361.618 6320463.89 5.48681 2.09381821661 0.506248269133
309081.2255 6333745.515 2.71255 1.13149029174 0.0607984730267
304566.3015 6330368.115 10.9643 4.3631975887 1.70357341054
296723.31 6325287.835 7.53657 3.47453950799 1.33366814484
304027.8225 6329960.705 12.5648 4.44553162505 1.84306883511
311229.334 6335350.055 3.32488 3.82043365509 0.239833115708
314877.88 6338036.375 4.58699 2.18361107869 0.981097320963
333435.4715 6351860.175 3.82515 1.47281417143 0.549968542526
338689.973 6355729.255 2.89967 0.137335029303 0.0993609112141
336864.459 6354382.295 3.78749 2.59468978196 1.10746718233
317217.0355 6339750.085 1.68745 1.31078846004 0.263654312459
318762.217 6340898.515 4.43796 4.95322320833 0.39162219436
342314.974 6358434.35 6.02159 1.45302531444 1.32039009387
330660.0335 6349739.99 28.9592 2.69279261487 2.20319221334
318491.178 6340697.36 4.21289 0.593137291508 0.511320597491
305234.629 6330873.325 8.81375 7.45252401184 1.98487822603
311403.2115 6335472.155 5.64962 5.20189003484 0.977520410411
318157.264 6281354.615 10.7268 2.52114751935 0.494611111704
315667.8975 6279978.795 6.13838 4.54545358481 1.26145151288
309214.0375 6276371.555 5.5482 6.35755998131 1.25373960221
324782.108 6284992.51 2.96381 2.42443845192 0.674883205163
337841.219 6293147.03 8.22939 4.68496560546 0.610625195224
350642.3365 6299649.055 5.4896 1.39263461063 0.362059107598
352365.985 6301620.81 8.75146 3.49277311452 0.941114549405
359690.349 6304593.97 3.80405 1.27727096138 0.415866746645
382152.414 6318421.11 6.33097 2.84892616222 0.805041955876
388750.8925 6328307.28 2.38068 1.2357830498 0.079517040939
375379.764 6313466.295 1.94852 2.07393023253 0.57890244818
370921.825 6310714.8 4.13766 2.22910461732 0.357518823039
377896.863 6315894.43 5.11185 1.8166388595 0.506690515534
364823.691 6307371.31 5.2163 0.817462456035 0.270556187638
344584.7355 6296201.325 8.87562 3.49430719423 1.20595184729
330529.53 6288152.13 9.65332 6.51056136498 1.15297095515
279091.345 6315744.255 2.38742 0.326805184659 0.0928604125871
312201.7185 6278044.58 3.52581 5.84706193713 0.386060167264
339938.21 6293376.23 10.1993 6.26665555462 1.28656758228
358769.1465 6304102.0 6.6436 2.65020967633 0.33034730728
313739.5455 6278906.515 5.30118 6.52200306134 0.756884124997
329996.215 6287840.57 4.8413 5.07137570524 0.527002423227
346769.866 6297454.055 6.78947 3.92488292961 0.941409138732
266984.1375 6318186.805 4.06254 2.03547359967 0.75451599986
266658.7675 6318248.8 5.12497 2.82335324506 1.01905214003
271743.8705 6317220.71 3.6758 3.07019167374 0.615210591042
276767.7725 6316204.505 3.17494 3.23659880936 0.206742726603
266423.835 6318283.075 7.94951 3.94144640187 1.7191331991
289636.5 6313723.815 6.96335 2.57973730174 0.526436053965
296106.675 6312448.42 3.02557 0.880012351345 0.362950395655
313749.1775 6309047.385 3.66303 2.15253857284 0.343532640588
330435.102 6306046.865 14.499 3.31506135717 0.550644593483
300884.6805 6311476.32 4.4756 1.49235987932 0.237240626241
302888.9435 6311075.635 3.46178 4.16925451336 0.948803573704
300651.9715 6311524.28 5.25075 5.21244069306 1.64423151502
285726.755 6314473.79 11.6995 3.09306212101 1.55723576706
441053.834 6378068.415 10.5068 2.7066075584 1.23273469976
432298.4275 6361571.845 15.0544 3.62257074986 1.82568171911
432960.316 6369247.5 8.76244 1.81830545093 0.570391462809
418196.968 6350569.255 9.2431 1.86289273437 1.0504213862
401281.5805 6326619.715 8.36027 1.37003012016 1.09552693653
398633.4535 6323045.23 8.11824 1.827001911 1.20100244615
397560.371 6321661.85 11.8208 2.21245394436 1.21619178717
402768.868 6328579.28 6.37069 3.11201611499 0.632166268933
387034.8805 6307398.31 10.0918 2.47638963171 0.527664060811
363250.239 6272916.175 12.1637 3.47969266488 1.53760130072
349878.0555 6257444.675 13.2366 3.73353900376 0.628533261115
371969.9795 6287063.4 4.5883 3.95633661889 0.55540863857
413939.411 6343103.985 10.5563 3.44482427427 2.34843798291
422510.3865 6351111.815 14.5658 2.56110169173 0.857604486763
426285.391 6358348.685 8.10514 2.83041243734 0.673790719229
418650.141 6350357.495 5.88144 3.84850211981 0.621457653146
439731.709 6215259.08 7.31083 2.53980107201 1.30092268395
443219.0865 6216753.5 12.7235 4.20577524167 1.367936715
300767.394 6321560.405 11.796 3.26298269499 0.762626804258
314310.5885 6310906.525 4.06653 3.35668531096 0.326561214164
323202.859 6304142.875 9.80192 3.02577651433 0.372401033116
284642.257 6333861.435 1.67776 1.22968377224 0.380379648763
283843.506 6333490.33 5.67102 0.590324013651 0.399669507478
276340.0205 6340302.545 3.73732 2.33006610062 0.557224280673
453398.9695 6267995.59 4.13438 2.90820080401 0.452833691781
273558.76 6342458.5 2.91764 1.28493241439 1.18996014326
288316.2195 6331004.715 5.81439 1.64736687495 0.534621867725
314389.589 6311269.64 24.1364 3.92686084013 1.94199146483
354710.9365 6280024.14 10.2296 3.6921320317 0.905985206262
368707.3965 6269452.325 7.11781 3.35961244314 0.645421584754
342697.227 6289409.9 5.11149 4.2098692479 1.06654283246
345041.631 6287591.075 2.9603 5.06864973825 0.666064117231
348725.7165 6284743.97 9.74957 4.52893766948 1.18868974885
347221.7435 6285843.05 2.38355 4.97282459158 1.13637679765
488425.9 6288448.135 6.05137 4.01105735267 0.912926908211
295162.1085 6325876.075 30.5718 4.17287049926 1.74896093129
328628.5 6300009.335 4.12633 3.18588095696 0.687642865149
439406.914 6378680.715 9.53854 2.9569837408 1.98598192366
450541.363 6380220.92 13.2025 2.36595471722 1.21627852374
491757.3235 6272440.85 1.86899 0.615495227091 0.298657508543
473840.9515 6286890.195 5.02098 4.89202742326 0.288698554861
464654.1705 6288783.62 14.4551 6.45557794392 4.02163685187
447563.4445 6304960.965 5.70855 4.75937638611 0.917018707165
452145.9955 6302003.275 6.509 4.35517778921 1.03704937176
430847.6405 6316778.645 9.98831 2.41923052081 0.390153245199
428879.6455 6319351.21 32.5984 3.45755432488 1.48989817182
422279.326 6323062.54 4.72849 2.77531878762 0.32559123933
428821.6185 6318739.13 33.306 4.63219462178 2.22630180143
460321.802 6296323.41 7.10354 3.25987362648 0.795860593855
446571.27 6305590.05 10.3062 4.41691158495 0.603791500722
412784.0585 6330609.785 10.6554 3.1196496235 0.992088836872
435669.2095 6313244.615 1.31648 3.18925486482 0.0288469763786
415498.975 6329022.885 3.13873 1.63124705912 0.849352320311
394074.3555 6303027.575 10.1468 4.90720567907 0.98787595006
404481.9345 6308601.62 17.9234 4.36063088349 0.852538611588
404434.301 6313681.22 6.74005 3.35348003677 0.804083311999
406656.7135 6316780.96 11.441 3.64352010737 0.805954324001
388535.4535 6291977.21 12.1261 4.13819569202 1.05898542713
390522.6145 6295708.39 12.8641 4.15519306056 0.827506446564
402625.725 6308021.005 27.2037 4.54414893707 0.833413021709
413494.3905 6326277.595 3.93711 1.0371111473 0.432596012258
429158.6305 6297667.46 17.2082 4.50495972149 1.80624928696
419287.87 6289015.195 5.45842 1.18397924663 0.230068501796
449840.8175 6333597.55 8.36886 4.25378376424 1.40889436376
451665.282 6335809.745 10.0288 4.39577913096 1.13790559835
427978.3175 6295548.245 21.5353 4.94803604887 1.74505409253
431606.093 6305406.59 8.00565 4.8774473916 0.182414827139
442639.5455 6322317.08 14.1211 3.95821979174 0.637160955765
442975.757 6322884.66 3.29172 4.13993208146 1.02896044624
445050.6615 6326132.17 7.67037 3.96263951971 1.18601523507
422051.168 6294122.125 12.1818 4.26703066794 1.55329550762
443180.218 6324890.995 6.07307 3.45457620189 0.980452502982
436586.1395 6321398.34 8.0213 3.69070788714 0.423218174067
448310.9665 6329104.15 6.28526 3.02248567929 0.451114707655
450915.712 6317111.51 12.4251 5.38367638688 0.865950945572
458880.781 6333190.435 15.6013 3.32982555233 1.11938440017
452158.634 6320755.015 9.75615 3.36242834441 0.902963880116
445490.5325 6286896.46 5.11185 3.43626826803 0.79092995392
451260.931 6295234.935 5.52281 3.11606883206 0.551686683939
450660.9055 6289172.28 12.1462 4.19788470389 1.09176395838
458566.662 6307152.91 6.46065 3.06291631745 0.472074251165
449829.21 6223540.1 10.5176 0.877985475393 0.367879970198
448860.8245 6290461.875 9.94532 4.27692885034 1.04893041025
452963.326 6267309.91 6.15931 3.35531489979 0.566857631439
456391.6565 6272528.05 8.85117 2.1844069088 0.67355379057
475314.314 6300874.74 8.68372 3.90157717478 1.0435784705
468567.951 6299013.215 16.0485 3.93177481191 1.2482008153
480932.8545 6312037.01 4.05574 2.38341500055 0.564284505583
458970.388 6267690.46 35.6637 6.97022008665 2.09295999085
406483.075 6350949.205 6.052 1.42441592126 0.746508069355
409605.8285 6356633.395 5.40709 1.63304105645 0.669556604023
409904.997 6356318.81 5.6863 2.31639935708 1.27434683491
438595.9245 6394106.795 8.09893 0.744273397428 0.66779547786
431943.6605 6385299.665 4.62543 1.66671130042 0.6734207397
428966.899 6378924.84 14.6981 2.67771699778 1.82863841854
427905.1575 6380045.77 3.20107 3.99196991257 0.383226693863
428727.5495 6381109.08 2.98865 2.18567807007 0.96376960451
423613.579 6374419.035 5.27599 2.44614255078 0.80888041795
419072.7615 6371285.49 8.55023 2.00053120977 0.711407906797
436188.7985 6390912.62 9.77456 1.99606475471 0.56106870755
414780.0175 6362700.365 3.20026 2.2085277866 0.668788175999
420038.001 6369810.63 8.66204 2.77420880912 0.720811814056
444836.895 6402556.745 4.13876 0.606319342739 0.240469845738
415279.4775 6441431.26 4.99998 3.88754016305 0.515745863134
452644.0495 6411572.525 8.68852 2.23030987944 1.67062714724
416480.134 6440498.1 7.16475 1.61480767086 0.937616201155
427430.316 6431513.515 4.91801 1.39335793886 0.703803183403
680720.376 6643610.815 3.91566 0.808302392206 0.148954889752
684460.026 6648696.28 2.69135 1.75831426007 0.249320090407
687064.2235 6652160.555 2.49979 2.40215720201 0.370458898172
607814.145 6565203.99 12.2118 1.62018806772 0.933586967962
609605.8615 6565848.71 4.65527 2.71847442849 1.13891009846
441922.1655 6384689.07 4.51259 3.07740692689 1.34161649386
444778.4615 6382426.52 4.55002 3.28715702198 1.17319760565
429332.991 6394452.51 9.7788 2.15972639731 1.21742174658
436961.3295 6388550.695 7.53571 3.48162322495 0.730638756702
416515.456 6404491.675 4.64968 2.3609864091 0.740590608844
420161.9335 6401787.965 9.86057 1.29049977546 0.824350655753
427021.966 6396236.935 6.76613 2.2097813632 0.633161786334
400706.824 6417277.52 9.2003 0.973549261318 0.841606563465
402995.497 6345143.155 2.33955 0.625460395866 0.532496563298
415255.4565 6336687.685 4.46531 2.11090610203 1.22689678986
417287.3645 6335283.305 4.80108 2.81633418872 0.335014632788
410401.037 6340028.855 6.7454 2.31360836277 1.07481560697
426754.1825 6328457.74 5.04777 2.62067786599 0.869909812805
431292.6315 6325170.21 10.6594 2.18253935199 0.472238269774
386670.732 6396824.035 2.6861 0.489066724573 0.443180296049
401787.424 6385517.775 2.18785 1.56367768497 0.355672972408
423670.821 6369306.215 5.58828 2.35386902544 1.32291555293
433554.569 6361803.29 5.78895 3.48787807022 1.82956302583
368617.913 6409829.355 3.3248 1.35192044749 0.212152939483
370626.513 6408349.87 1.91568 0.992421498668 0.426008846392
374118.5605 6405865.365 2.40096 0.816517480852 0.244769073183
452445.028 6347020.6 11.4154 4.05063650805 2.79004565255
450773.1105 6349075.535 2.44082 3.09612524466 1.15559120446
450029.2025 6347933.715 8.94264 4.86379105337 0.965500870558
461696.462 6341253.645 7.11436 3.38491996659 1.11814618348
443105.733 6354766.06 10.1828 2.22930158665 0.25973603043
448941.855 6350406.435 2.88746 1.08102361253 0.242134464067
426207.3955 6367335.93 5.56199 2.60790809635 0.565334334347
418441.7335 6364013.9 2.66212 2.62630632535 1.32415420102
446286.0005 6342917.94 8.16642 3.89734042123 0.871587636983
438066.668 6348966.505 4.02889 2.7600196653 0.710718317067
443292.0425 6345053.495 3.70668 3.82904789613 0.994363312378
445611.4905 6343411.915 10.4385 5.26501271616 1.81177446554
427710.8595 6356977.68 3.03802 1.46190391824 0.350498289603
367286.3815 6403227.72 2.52548 1.08560888223 0.151971691804
411238.2355 6348002.87 7.52342 1.34737047835 0.642681552401
412347.595 6347199.44 2.13724 2.08748014449 0.337235395817
411380.3695 6347920.13 2.92488 1.4490864094 0.380021795067
415072.2655 6345109.835 5.74819 1.38218208189 0.39013108751
417810.4595 6343063.505 2.82125 1.2902705398 0.138497707462
418889.978 6342248.715 6.20116 1.83935021088 0.671238453559
432317.378 6332401.545 15.8464 2.43349772557 1.21218115538
450338.977 6319496.2 12.7813 3.84963650953 1.69514566775
457751.999 6315349.945 7.22061 5.05653012614 0.650299921371
430807.6435 6333393.475 8.27813 2.53556391639 0.483351578296
480302.302 6302307.07 12.19 3.21882289086 1.45264571727
283025.428 6332166.18 3.22544 5.41335336796 0.295744943707
281878.4465 6335483.715 4.64634 4.2821387158 0.794725474418
280256.6285 6405681.95 1.86045 0.534450961738 0.120779358065
280494.681 6396598.0 4.07363 1.72139982351 1.03195110077
280212.6855 6408278.27 2.30959 1.88801921472 0.545072634724
279914.658 6420795.695 4.99037 1.30898868196 0.39182071121
281494.4375 6374014.675 3.32715 1.03435598672 0.843784174817
278759.22 6457888.0 4.1622 1.50262996614 1.14191700893
283243.062 6326313.815 2.21243 2.27060863501 0.688680827122
283343.1635 6319538.7 7.69116 3.7207469971 1.56426873074
283382.2275 6314012.645 1.13761 2.22194748956 0.798067561956
283434.642 6312474.91 4.03987 4.12018973293 0.940700995627
283617.132 6308244.01 5.55618 4.01833399241 1.30004678782
283642.179 6308151.045 7.52059 3.67948557821 1.34177421646
426633.6495 6343431.31 11.0857 3.31310035895 0.425454339764
435369.2985 6337576.44 7.68596 3.52771324919 0.721442642817
437211.0705 6335856.07 3.78641 2.26654675322 0.457790014297
441013.064 6333135.085 3.24065 4.1729383678 1.00321361975
456772.3895 6321977.035 4.31288 5.2907781042 0.868993088573
461104.6595 6318866.78 2.52629 1.91032584343 0.163466394322
459433.565 6321271.73 10.3156 4.16304310855 1.24327885189
470269.608 6312242.75 3.22081 1.49494091508 0.319780188629
465078.254 6316021.975 3.32193 1.75993869233 0.74922693766
279325.723 6439402.48 4.6747 1.4645180159 0.845781794756
279022.9085 6449498.575 6.27579 1.3344344112 0.596774686439
279980.436 6417953.415 6.9255 2.21287249335 0.723157810547
278715.994 6458818.235 4.75011 1.34191055391 0.722816976214
279171.004 6444318.885 4.38792 1.23220769725 0.508306595054
279738.3325 6427603.78 3.51124 1.88495969528 0.590563059256
279834.248 6424344.65 3.48449 3.99832863767 0.701501060573
279839.55 6424039.71 2.24947 2.24664732015 0.79230101309
280478.859 6419640.27 8.04719 4.33830391642 1.43869117917
280114.532 6412692.805 5.57253 0.695587003098 0.205850064898
280327.215 6402760.26 5.6335 2.55851949816 0.980778718813
280637.9975 6392606.15 2.11399 1.08465741786 0.282276922002
280795.889 6389318.105 4.39467 2.21785023367 0.94839101834
279552.606 6432643.745 8.12549 2.62989675134 1.26875004669
391559.5175 6314924.48 14.5268 2.13030251305 0.655871762949
413137.3785 6305164.52 6.98651 1.51044049159 0.356933010247
402545.7235 6296980.335 9.30991 3.47872111139 1.21880504601
406200.867 6294489.28 4.33444 3.55788524517 0.255031273082
414210.486 6291265.525 19.3469 4.50474776633 2.27356257945
410015.815 6291799.065 5.97591 3.30329974596 0.604788060624
462380.32 6257001.24 12.9886 2.08444554279 0.361223053867
413508.69 6289350.71 9.18334 2.34030890895 0.54837415664
462368.5635 6256974.605 1.77404 1.13396504919 0.154527121875
456827.221 6260624.345 2.32453 0.900406158189 0.680622266566
304495.8215 6625184.795 6.30083 0.832578988401 0.342738854304
304259.7575 6625360.34 3.3379 1.68221706799 0.143668916854
244876.4785 6632187.7 8.7003 2.23901597655 0.217365623388
305066.574 6585062.46 9.95925 3.2288516067 0.479353506558
315050.31 6577327.57 7.42555 3.60432632305 0.393069461007
418685.011 6502073.105 5.37128 2.03391145409 0.547319917064
410169.321 6508011.205 6.42456 1.34629422926 0.515032315156
276356.3415 6555372.14 4.3006 1.61886792744 0.303660449975
287489.392 6546809.675 5.64174 1.90817414615 0.371695287368
257793.506 6570482.64 6.76566 2.96294403023 0.524211874362
271696.9545 6530168.71 8.91151 3.53331824915 0.556125521338
274509.5555 6528024.23 6.71189 5.11674038172 0.661757704863
475909.12 6269747.66 20.4204 3.45908850908 1.86692480366
260763.1045 6538372.715 5.35131 2.30219450538 0.607083719984
274999.2325 6527636.14 10.2119 2.31599204992 0.727223384188
259540.4545 6554062.745 5.57539 2.96497448766 0.51920850705
253678.183 6521123.7 6.88405 0.632586110669 0.584741448783
255082.1855 6529321.605 7.55078 1.68677677236 0.405568237295
278142.4495 6487176.71 4.36245 3.97941545367 0.268581467869
300057.743 6469670.06 8.43653 3.18691269855 0.924190095326
302510.1295 6467693.865 4.03528 4.14020031623 0.211222059843
277767.3375 6487478.04 6.22473 3.1278652723 0.390753557718
392463.5145 6593708.725 13.7998 5.6955891303 0.259514851105
390447.382 6592709.885 10.1998 3.52715270202 0.328378733195
406295.6925 6600548.155 10.3121 2.49986208188 1.27337176927
481794.05 6288090.845 8.79863 2.96629862445 0.766567730992
277490.962 6537159.96 4.67639 2.74839999669 0.402394183499
296491.051 6546535.97 10.1033 2.87164887156 0.296003861437
319050.8035 6557763.875 6.90263 3.43740093658 0.389390475223
295774.23 6546167.315 2.01341 3.83455323693 0.330545825153
298308.675 6547473.02 3.03835 1.59836013739 0.691765779292
301321.8685 6548994.4 2.7375 4.26403147072 0.822032920131
341818.2405 6568844.87 4.91299 3.08314656423 0.447833858467
300115.367 6392278.48 6.98362 4.59968462721 0.706875248485
463039.448 6268978.225 14.5681 3.07093113093 0.918501569081
287535.621 6401723.425 4.69505 3.46608596592 1.02367079861
270273.561 6416059.4 4.82665 0.739170469391 0.215035441092
277868.8635 6409711.03 2.51423 1.27671026743 0.590543764831
277801.384 6409766.935 3.16775 0.467698670407 0.308698467601
280923.918 6407071.175 5.20855 1.0493310464 0.152266837255
294457.455 6411028.005 7.27144 3.90920785041 0.745779024727
473054.536 6279615.23 14.3811 4.59402161252 1.89925469239
304601.011 6403170.895 5.93641 4.16473407265 0.82899013194
319504.419 6391625.88 8.76553 5.22910548174 0.810700647133
303166.63 6404287.735 12.2503 4.20475976434 1.13863755267
306396.7645 6401783.82 11.9514 5.42311388649 1.44803158167
317982.4435 6392808.425 5.93422 1.86229137113 0.530489399975
321913.9855 6389756.74 3.71515 0.946922685657 0.730971267414
422449.8565 6311918.385 11.8626 5.3444501899 1.09047740631
454647.3475 6286974.875 12.9937 5.96133723945 1.56021525887
452832.51 6290318.41 20.4219 5.37847455819 1.79096726679
476633.151 6285265.765 7.69433 3.76583263405 1.22605216269
414310.8335 6318218.595 7.29566 5.12468297242 1.409336718
417429.2765 6315804.6 6.03718 3.13012731668 0.234197234574
421019.246 6313028.125 2.31125 4.25572276924 0.718636921711
405160.5125 6325294.53 11.0884 5.06464952461 0.918241500249
411704.291 6320233.345 10.0844 5.65732273941 1.18858743231
421767.983 6312447.595 11.2098 4.35157139969 0.349340879318
401511.522 6328116.795 2.23887 1.95182587662 0.350595366332
283052.0655 6419843.45 5.23719 3.042541909 0.806948133443
479543.92 6291153.995 2.57587 3.34948654354 0.251076185649
283385.6825 6314499.33 3.98666 4.83611250514 0.645393096453
283493.2675 6310699.845 3.61564 4.51219137976 0.34479625086
283349.275 6320106.08 3.95765 1.4751807104 0.209444587418
283947.112 6314960.34 6.9915 3.41840363442 0.349998806806
282846.673 6337138.51 3.8005 3.85866642623 1.78713194659
281316.9125 6377800.025 3.95174 1.34188932358 0.407809230793
281157.7355 6381542.305 2.18878 1.67787272644 0.400898429382
443149.9575 6295884.61 5.24945 3.18536116162 0.24674859707
279468.4475 6434979.825 4.77515 2.66518313128 0.93019859032
