>
>
>
>
>
>
>
>
>
>
>
>
>
>
 -34.3722229  81.4539871
 -34.5125847  81.5980225
 -33.9621773  81.6241684
 -31.9085197  82.1019363
 -31.7000351  82.436203
 -32.1360664  82.3968658
 -32.3607101  82.506813
 -33.0744553  82.4704514
 -32.525177  82.3014679
 -33.2110329  82.2199936
 -33.8508224  82.3759384
 -34.0502205  82.2719574
 -34.8333626  82.2995605
 -34.6102829  82.4231415
 -36.546051  82.3558655
 -35.9628983  82.0779419
 -36.9059067  82.1341858
 -36.9492798  81.9532852
 -37.3812714  82.1586075
 -38.2558403  82.2735825
 -38.8659821  82.2238541
 -38.8684425  82.0478134
 -40.088604  82.210968
 -40.4150543  82.0192795
 -39.5712738  81.9606781
 -40.3516884  81.9771042
 -40.3488159  81.8947449
 -39.1333923  81.867012
 -39.0038605  81.774765
 -40.0725594  81.8030701
 -40.2665749  81.7034836
>
 -26.3471146  82.2982635
 -26.7895107  82.3572769
 -28.951519  82.3955765
 -29.5608196  82.2538452
 -28.1295376  82.2608185
 -28.1141281  82.1803589
 -27.6293335  82.2090073
 -28.1333618  82.1430283
 -28.1094971  82.1401978
>
 -40.4333  81.7301483
 -41.2786369  82.086174
 -41.7975197  82.0113144
 -41.5061035  81.9734879
 -41.9025383  81.9630051
>
 -28.4167309  82.1112061
 -29.577734  82.1455917
 -29.8309193  82.0472946
 -29.3360901  82.0218658
>
 -30.4969101  81.9031067
 -30.7003555  81.9279022
 -31.0161552  81.8477936
>
 -15.0372267  81.7211075
 -16.6587868  81.8442764
 -17.6149616  81.8418503
 -19.6185684  81.7025299
 -20.2278976  81.2746506
 -20.1611156  82.0523834
 -22.1703472  82.1353302
 -21.6725159  82.0674133
 -22.0077209  82.028801
 -22.140131  82.0878601
 -22.1336098  82.0204849
 -22.755106  82.0933151
 -23.1128044  82.0240326
 -22.7466278  81.7571182
 -23.3396606  81.6461716
 -22.8868141  81.7539291
 -23.5215435  81.6708603
 -23.0314579  81.7875671
 -23.3084469  81.8510971
 -23.9987602  81.7300797
 -23.384243  81.900032
 -23.6252918  82.009201
 -24.3814011  81.9981003
 -23.797823  82.1818695
 -25.2643394  82.2322159
 -26.1963062  82.1215134
 -25.6417198  82.2330704
 -26.6025772  82.1451721
 -26.0516148  82.2588348
 -26.3471146  82.2982635
>
 -31.0161552  81.8477936
 -31.3960819  81.7469254
 -29.5407085  81.4980927
 -26.6311169  81.3083038
 -28.4589596  81.3057938
 -31.7172642  81.654068
 -31.893364  81.2322464
 -28.5132027  81.27845
 -25.737175  80.9617538
 -28.9463081  81.2302322
 -31.4599686  81.1210556
 -31.3531189  80.9937439
 -30.5690956  80.9941788
 -31.1519604  80.9611664
 -29.7280941  80.7241745
 -28.8542633  80.8465958
 -27.9506779  80.8510361
 -28.7928066  80.7605362
 -27.0932961  80.6580505
 -28.7792168  80.7028885
 -29.274559  80.6403351
 -27.2978802  80.4540253
 -26.1373463  80.4263992
>
 -34.5701523  80.7663269
 -34.3175697  80.8384552
 -34.8763924  80.9049072
 -34.7168121  81.015564
 -34.0997581  80.9428406
 -33.0413666  81.1046143
 -33.4152985  81.2182999
 -33.8757973  81.2153702
 -35.1336517  80.9744339
 -35.0432777  81.1672058
 -33.704071  81.3369141
 -33.7640915  81.4395218
 -34.3166351  81.4001999
 -34.3722229  81.4539871
>
 -29.3360901  82.0218658
 -27.2303009  81.9130783
 -27.1139469  81.7369232
 -27.8321934  81.9176025
 -29.7027988  81.9707718
 -29.5570011  81.7882614
 -30.4969101  81.9031067
>
 -27.2131519  80.2589188
 -27.3572121  80.2801971
 -27.7275944  80.2504654
 -30.2853909  80.5048904
 -30.8392258  80.2003632
 -30.733181  80.1137924
>
 -31.355463  80.2204208
 -31.0498009  80.5225296
 -32.7532845  80.8928986
 -34.032711  80.7004547
 -33.9342766  80.6591034
>
 -28.1094971  82.1401978
 -27.7087479  82.0902634
 -28.4167309  82.1112061
>
 -26.1373463  80.4263992
 -25.4835835  80.4110565
 -24.1256008  80.5184021
 -23.8705158  80.6394272
 -23.7096272  80.4930344
 -22.7412472  80.5636597
 -21.1305561  80.5074005
 -23.4208488  80.497673
 -25.0233707  80.3729782
 -23.4485016  80.0770416
 -24.8599186  80.2301788
 -26.85536  80.3141403
 -25.8154469  80.0518341
 -27.2131519  80.2589188
>
 -9.62988567  80.8076401
 -10.1432161  80.9049988
 -10.2539005  81.1115265
 -11.3704548  81.3796005
 -12.5411711  81.5174179
 -12.6007433  81.5243683
 -14.2044411  81.5222855
 -14.8272018  81.451004
 -14.6146088  81.5317917
 -14.0636339  81.5351334
 -14.3768005  81.6233292
 -14.8389177  81.603096
 -14.4902468  81.6798477
 -15.0372267  81.7211075
>
 -22.9870777  78.7768936
 -22.5607414  78.8243484
 -23.8856049  79.0110855
 -23.4190445  78.9943237
 -23.3752975  79.1379852
 -23.2870731  78.9681625
 -21.9963074  78.8573685
 -21.7937126  78.8729858
>
 -21.6278915  78.9082642
 -21.6776848  79.0111694
 -21.1193085  79.207016
 -21.5333462  78.9808044
 -21.3644962  78.9636841
>
 -18.635519  79.494812
 -18.6551723  79.4947357
 -18.6320362  79.4954453
>
 -18.2706738  79.5602875
 -18.3800163  79.5799255
 -18.2044144  79.5720596
>
 -18.2044144  79.5720596
 -14.9937801  79.433754
 -15.104846  79.5209732
 -16.2037964  79.6653595
 -15.8638659  79.6383362
 -15.7131662  79.8497162
 -15.7605591  79.6390228
 -14.1317511  79.4245224
 -13.5764799  79.4163895
 -13.9865856  79.499649
 -13.3229904  79.4672928
 -12.9667988  79.3351364
 -12.5680885  79.4008255
 -12.4018164  79.3388748
 -10.8068104  79.3393784
 -9.30484486  79.3818436
 -8.74865055  79.4689407
 -8.63836193  79.69561
 -9.60775185  79.7421417
 -8.77619648  79.7931519
 -8.70722294  79.981636
 -7.97782516  80.0215683
 -8.71966076  80.0514679
 -8.24909592  80.1957474
 -9.07431602  80.1198273
 -8.91454315  80.2372894
 -10.0290508  80.2391815
 -11.3169861  80.3753433
 -8.81217384  80.3528366
 -9.54450417  80.6678391
 -10.1026506  80.7078094
 -9.44589043  80.7731247
 -9.62988567  80.8076401
>
 -10.019309  79.0155411
 -10.2432337  79.1146469
 -11.3192244  79.1354675
 -12.0404263  78.8853607
 -12.9236622  78.8199463
 -13.3521748  78.6077576
 -14.0717087  78.5527802
 -14.0170746  78.7850723
 -14.3447237  78.8811569
 -14.7751436  78.863327
 -15.7177992  78.4981766
 -15.0068855  78.8815308
 -16.026907  78.8700562
 -16.9822178  78.748558
 -17.4993992  78.7644806
 -17.5150547  78.7054214
 -17.7380848  78.7673569
 -19.7384834  78.6793137
 -20.4167805  78.4058838
 -19.8709812  78.3780518
 -19.774147  78.23806
 -19.0867214  78.2611694
 -18.6675568  78.1600723
 -17.9072609  78.2854614
 -18.0739117  78.1277161
 -19.2716255  78.1616364
 -19.2370281  78.1341782
>
 -21.3644962  78.9636841
 -20.9606495  78.9223709
 -17.7580509  79.1279984
 -14.2663221  79.1432571
 -13.7464495  79.2548828
 -17.758028  79.499176
 -18.635519  79.494812
>
 -21.7937126  78.8729858
 -21.6164074  78.8866806
 -21.6278915  78.9082642
>
 -18.6320362  79.4954453
 -18.0212231  79.5158463
 -18.2706738  79.5602875
>
 -9.42948437  79.1311188
 -9.52205086  79.1371002
 -9.56444645  79.1049805
>
 -2.7186625  78.5535736
 -2.7160387  78.5581741
 -3.49202943  78.7224045
 -4.41162682  78.4344406
 -4.54241991  78.1224518
 -4.96128416  78.1156998
 -5.35869169  78.2897186
 -5.67648411  77.9033127
 -5.60929823  78.283432
 -6.30800056  78.5051346
 -7.15859652  78.3557434
 -8.11056328  78.3175888
 -6.3726325  78.6365433
 -5.867167  78.8953018
 -6.70928097  78.9457169
 -6.68651962  78.8872528
 -7.06916046  78.9732513
 -7.52613783  78.925766
 -7.38702536  79.0026474
 -9.42948437  79.1311188
>
 -9.56444645  79.1049805
 -10.3238297  78.3451614
 -10.4252062  78.7960663
 -9.94039154  78.9811096
 -10.019309  79.0155411
>
  3.17387342  78.0013046
  3.34983349  78.1637192
  2.8605814  78.2555008
  2.8831017  78.4631042
  2.52971053  78.437767
  3.00923204  78.5111465
  2.60413623  78.6845398
  2.43805623  78.587326
  2.05749941  78.6862717
  2.18782306  78.514801
  1.75250244  78.6875534
  1.39342499  78.6546021
  1.41423929  78.7419968
  1.10197878  78.7464981
  1.4251169  78.4183655
  0.707281828  78.5482941
  0.654087484  78.4582748
  1.84608912  78.2661896
  2.33990669  78.0176773
  1.46850765  77.7066574
  1.83788741  77.9000244
  1.74268162  78.1299438
  1.50225186  78.1591949
  0.870133936  77.9449692
  1.54226375  78.1952515
 -0.0826038718  78.4852524
 -0.556334496  77.99823
 -0.108406328  77.79245
 -0.416475147  77.8032608
 -0.80229944  78.0102463
 -1.23388338  78.0060577
 -2.51455331  77.5798264
 -2.75267601  77.8662796
 -2.49827766  78.0290298
 -2.91083574  78.1674042
 -2.7186625  78.5535736
>
 -1.47718823  78.5356064
 -1.91486764  78.2700348
 -1.80935514  77.8576736
 -1.51379442  78.0038223
 -0.6628052  78.0834503
 -0.522497714  78.229599
 -0.627499819  78.4325943
 -1.43093657  78.5377197
 -1.47718823  78.5356064
>
  5.07887459  78.501503
  5.06587505  78.516655
  4.46770048  78.3577423
  4.48547029  78.3514862
>
  3.77322197  78.1646271
  3.70686197  78.1775818
  3.47752047  78.0847626
>
  8.73819256  77.553299
  8.72859383  77.5617142
  8.04255676  77.6663055
  6.80405045  77.5997162
  6.85836649  77.6756287
  6.01057482  77.7498474
  5.22128773  77.5645065
  5.71840096  77.7050858
  5.33429146  77.8108444
  4.4019351  77.6884842
  5.02359867  77.8604507
  6.74310255  77.7570496
  6.60761452  77.915947
  6.993258  77.7342911
  8.09205151  77.721489
  8.85882664  77.5941391
>
  9.71672153  77.8757248
  9.5072546  77.8867493
  9.23222542  78.0746307
  7.93973875  78.2865219
  7.5419426  78.2861023
  7.31240559  78.1828842
  7.50903559  78.3308334
  7.31888676  78.2918243
  7.40831375  78.3569946
  6.95305777  78.3360367
  6.55356741  78.4278946
  6.11850119  78.426651
  5.95760202  78.2756653
  5.84750748  78.4866409
  5.21012974  78.3578262
  5.07887459  78.501503
>
  6.12256527  76.5828247
  5.68788528  76.5944061
  5.38927603  76.5342407
  5.47012663  76.6101532
  4.31043577  76.6446838
  3.23052359  76.5940247
  3.49897575  76.7428055
  5.5948019  76.7673111
  5.1294322  76.9552307
  5.7152524  76.7899017
  6.50430965  76.735321
>
  4.48547029  78.3514862
  5.09496403  78.1388245
  3.91940451  78.1839905
  4.53707933  78.0177765
  3.77322197  78.1646271
>
  9.57828426  77.8313065
  9.57281876  77.8696442
  9.6952734  77.868866
>
  3.47752047  78.0847626
  3.09662318  77.9241486
  3.17387342  78.0013046
>
  10.5258703  75.5067673
  10.1276169  75.4578629
  10.6929836  75.6728134
  10.0926456  75.6497574
  6.28525352  74.9328079
  8.41502953  75.4918213
  8.15864277  75.5088806
  8.65528965  75.5258179
  9.16553879  75.6739578
  9.96870518  76.1979294
  8.88767147  76.2491608
  8.34398556  75.9915924
  7.84562683  76.0209198
  6.11035633  75.9197617
  5.91488647  76.0411758
  7.65908289  76.1213684
  8.13340473  76.3271484
  6.36339712  76.576683
  6.12256527  76.5828247
>
  6.50430965  76.735321
  6.90322924  76.7084198
  8.69519711  76.4628143
  9.59495831  76.4953079
  10.3076258  76.4407043
  11.5529985  76.6351318
  10.9051466  76.9735947
  10.3951378  76.9219971
  10.7163038  77.0623627
  9.39555264  77.0660706
  10.5590334  77.1954956
  10.6250896  77.3650436
  8.84448719  77.4620743
  8.73819256  77.553299
>
  8.85882664  77.5941391
  9.63324642  77.4687881
  10.4565182  77.4650955
  10.7797251  77.5472946
  10.1175604  77.8087234
  9.58489227  77.7941132
  9.57828426  77.8313065
>
  9.19055367  74.7199707
  8.49109077  74.6325073
  8.63140678  74.6880951
  8.34887218  74.731636
  9.21767139  74.7700272
  9.25720596  74.7613983
>
  7.95665979  74.1574097
  8.20191956  74.2335815
  8.05846596  74.2676697
  8.62618542  74.3592758
>
  9.6952734  77.868866
  9.86940956  77.8675995
  9.71672153  77.8757248
>
  8.27405071  74.124939
  8.26830387  74.122757
>
  9.25720596  74.7613983
  9.94670677  74.6139984
  10.6394072  74.7651672
  10.6533165  74.6638184
  11.5434189  74.5518799
  11.7810469  74.6454544
  12.4766064  74.6375656
  12.6635094  74.8719025
  13.2134409  74.8225479
  14.8713541  75.1482315
  14.6957922  75.3277359
  13.9616327  75.589119
  12.9250479  75.7080688
  12.6799488  75.6478577
  12.3107243  75.6860657
  12.2420092  75.5261459
  11.9700069  75.5900803
  11.732233  75.5130844
  11.890769  75.4576263
  11.518898  75.4727707
  11.2776346  75.3468552
  10.7801342  75.5383072
  10.5258703  75.5067673
>
  8.62618542  74.3592758
  8.77961636  74.3842316
  9.46576214  74.2247696
  10.2895012  74.1718063
  11.2250957  74.361969
  10.701602  74.5391846
  9.83907223  74.5373459
  9.25768948  74.728447
  9.19055367  74.7199707
>
  9.66042042  73.9717941
  9.73393726  74.1101303
  8.80358219  74.169487
  8.27901936  74.1268539
  8.27405071  74.124939
>
>
>
>
>
>
>
>
>
>
>
>
>
>
>
>
>
>
>
>
>
>
>
>
>
>
>
>
 -74.6336517  80.2373657
 -75.1367188  80.3168793
 -76.3143997  80.3570404
 -75.9330444  80.6639175
 -75.6150131  80.6709747
 -76.7474442  80.7393417
 -75.7182999  80.7633896
 -76.2744904  80.9598846
 -75.8354874  81.0765686
 -76.2965012  81.2257309
 -77.9169464  81.2789536
 -77.220871  81.5434189
 -78.0687943  81.6688766
 -79.1096725  81.6852341
 -80.2646027  81.5862961
 -78.8869476  81.3327637
 -81.0217514  81.5418777
 -81.8367081  81.5209656
 -82.0593719  81.3741074
 -82.6891937  81.3434906
 -79.9682999  81.1125641
 -83.1052856  81.2621918
 -84.3569107  81.1102066
 -82.754982  80.9813385
 -80.8826599  80.963974
 -82.9022903  80.8911362
 -84.7042618  81.0179901
 -85.9249573  80.8638
 -84.8887787  80.635231
 -83.9575729  80.6693192
 -84.35186  80.5808868
 -83.8928604  80.5664139
 -84.4004288  80.5345612
 -83.630661  80.3978424
 -83.6163483  80.3980255
 -83.3840179  80.5380707
 -83.1041107  80.4723206
 -82.6501617  80.5333023
 -83.0165634  80.324173
 -81.9043884  80.3324051
 -81.361824  80.4118347
 -81.5288315  80.5460968
 -81.0669174  80.4437714
 -80.1897507  80.6521378
 -80.2508011  80.547493
 -79.3512115  80.5198517
 -80.3053284  80.4932709
 -80.8553696  80.377121
 -80.4387665  80.356308
 -81.1951599  80.2629395
 -79.4375839  80.1941833
 -78.850502  80.3232346
 -78.9889908  80.2192001
 -78.5786057  80.2572861
 -78.5766449  80.2116623
 -78.9351959  80.1520996
 -77.8989334  80.1318741
 -77.7801285  80.0688019
 -76.7471161  80.125206
 -76.7082977  80.0668869
 -78.1820526  79.9523163
 -80.0845718  80.0778198
 -80.7413101  79.9974365
 -82.8033295  80.0005264
 -82.2187958  79.6569214
 -80.6647568  79.5185699
 -77.989624  79.5474854
 -76.9944382  79.6605988
 -76.5192566  79.6244125
>
 -87.6681519  81.6562576
 -87.2251434  81.6531296
 -86.3750763  81.7419815
 -86.5811386  81.870636
 -86.1190033  81.8473663
 -85.6384277  82.0668716
 -85.247551  82.0423355
 -85.4819412  81.768158
 -84.7515106  81.9171066
 -83.9271011  81.9274673
 -83.8461075  82.1382065
 -82.8289413  82.0980072
 -82.4393845  82.2600784
 -81.137886  82.2781601
 -82.9497452  81.9414139
 -82.6440659  81.7589951
 -81.8785095  81.7351151
 -81.0106201  81.9401474
 -79.7975082  81.8909225
 -78.7924881  81.9356384
 -78.6157913  82.1975479
 -77.6388397  82.1311646
 -77.7956467  82.386322
 -75.6707764  82.396019
 -76.0862656  82.726326
 -76.8651733  82.7677994
 -77.4618378  82.6987534
 -77.4670181  82.6977615
 -77.1081238  82.6111145
 -77.6145325  82.5712204
 -77.993248  82.6541748
 -78.0598297  82.575531
 -78.923378  82.7610703
 -81.2557144  82.8497162
 -83.8304825  82.6455307
>
 -88.3383331  79.9467163
 -89.0101318  80.0296936
  269.941467  80.031189
  269.458801  80.0594025
  268.972015  80.1167831
  268.680115  80.1502838
  268.316986  80.2394638
>
 -65.2207947  82.3643188
 -65.5216141  82.4174957
 -70.0359344  82.6270905
 -71.8693924  82.306015
 -71.1656113  82.0019531
 -69.8178711  81.9962158
 -69.3600235  81.9211655
 -67.9139404  81.9282913
 -66.8662949  82.0887756
 -67.6066437  82.2039642
 -67.4378815  82.2936478
 -66.079277  82.222168
 -66.0567169  82.2213058
>
 -62.3022461  82.8136978
 -62.7498016  82.9611206
 -64.4770203  82.9249878
 -67.7180862  83.0166092
 -68.155571  82.8895569
 -68.1357651  82.8870697
 -66.569519  82.8524094
 -66.1863937  82.68013
 -65.2165146  82.7381973
 -64.8274841  82.5454102
 -64.3260574  82.509964
>
 -85.0800705  81.322937
 -83.314415  81.5546188
 -83.3249435  81.6455536
 -85.6155777  81.5517349
 -87.4946365  81.3747025
 -86.5526657  81.1875305
 -85.0844421  81.3232498
 -85.0800705  81.322937
>
>
 -71.7748642  81.0240326
 -72.3788376  81.0417786
 -72.668457  80.983696
 -72.434906  80.8557358
>
>
 -73.5720444  80.5476532
 -73.6597214  80.5471344
 -73.6192322  80.5343552
>
>
>
 -76.5192566  79.6244125
 -75.8931427  79.5762482
 -74.41259  79.6742096
 -74.2605057  79.5475616
 -74.6294632  79.5980148
 -74.2573166  79.4829025
 -73.6920166  79.442421
 -73.0302887  79.5692902
 -73.2324142  79.4483109
 -72.8285522  79.3370667
 -70.994606  79.310173
 -69.6987686  79.5335236
 -69.4367371  79.6627731
 -68.5931931  79.7488251
 -68.0714493  79.9314728
 -68.1619873  80.1277466
 -68.7955399  80.2602692
 -69.4488602  80.2176285
 -69.8684692  80.1019287
 -69.5937958  80.0336609
 -70.0454788  80.0439835
 -70.3804932  79.934967
 -69.875473  80.1749496
 -70.7755203  80.2524643
 -71.4077911  80.1979294
 -70.2649536  80.3330078
 -70.3729019  80.4223328
 -71.240799  80.4743881
 -69.937233  80.6195068
 -70.1334991  80.807579
 -69.55439  81.0115433
 -68.8420029  81.0417786
 -68.7942429  81.1660461
 -69.3788528  81.2178345
 -71.3960571  81.0126801
 -71.7748642  81.0240326
>
 -51.360054  81.538353
 -51.2590828  81.6568222
 -52.1346703  81.6780548
 -52.2329826  81.745903
 -51.3471985  81.8138351
 -51.4839287  82.0394974
 -52.3674164  82.0571976
 -53.2899933  81.9719467
 -51.7305641  82.2756424
 -51.8909645  82.4804916
 -53.7745247  82.6888428
 -55.5987701  82.4920044
 -54.666172  82.366066
 -56.1491814  82.2389374
 -54.2908859  82.2584381
 -54.4277115  82.1605301
 -55.4515419  82.1151657
 -54.7572365  82.0796509
 -55.1632309  82.0450516
 -54.5729942  82.0330353
 -54.6884766  81.9713821
 -55.9588585  81.9892502
 -55.3304482  81.8963013
 -56.0713615  81.8263626
 -56.9033928  82.0442581
 -57.4336052  82.0378494
 -58.0788765  81.7685318
 -57.6124268  81.6858444
 -55.7207184  81.6491089
 -56.2321129  81.5106659
 -55.5167542  81.489151
 -54.7665138  81.2654266
 -55.5486794  80.8727722
 -55.345356  80.821846
>
>
 -61.7007942  79.2728806
 -61.8397827  79.502388
 -61.4718208  79.5062027
 -61.9248161  79.5250168
 -61.671772  79.55336
 -61.9465103  79.7073822
 -61.5760269  79.8746338
 -62.1580887  79.9795609
 -63.130497  79.8379211
 -62.1640053  79.7449646
 -63.3372002  79.6650925
 -63.3459473  79.5538406
 -62.8145599  79.534256
 -63.4213676  79.5051956
 -63.5711403  79.3454666
 -62.9709854  79.3183517
 -63.5768166  79.3128586
 -63.7380829  79.5199356
 -64.1696396  79.5374146
 -64.6929092  79.477356
 -64.368309  79.4533844
 -64.5692444  79.3672943
 -64.8171768  79.4379272
 -65.4319687  79.3723755
 -65.7054977  79.4119644
 -65.7675934  79.2685852
 -62.3533516  79.0761261
>
>
 -63.8486443  80.4395142
 -64.8150177  80.4644852
 -65.2689514  80.2668762
 -64.894989  80.1791763
 -65.3608093  80.2060776
 -64.4210129  80.0765686
 -63.3902283  80.1228104
 -63.7552757  80.3749924
 -64.1410294  80.3652802
 -63.829525  80.4334869
 -63.8486443  80.4395142
>
>
 -62.2973022  81.1682892
 -61.6380882  81.3722
 -61.9568787  81.5783844
 -63.5043259  81.0743637
 -63.0895424  80.8962097
 -62.1917229  80.9457092
 -61.9609566  81.1432571
 -62.2767143  81.1667099
 -62.2973022  81.1682892
>
 -68.5954437  79.0582275
 -67.8043137  79.1058807
 -67.531044  79.3057022
 -67.8071442  79.4268875
 -68.2194901  79.4360504
 -69.4860001  79.2388611
 -69.1556091  79.0974274
 -68.6319656  79.0632629
 -68.5954437  79.0582275
>
 -65.7592926  79.9327621
 -65.0968781  79.8258057
 -64.0603485  79.8018494
 -63.4837456  79.9525909
 -65.5746384  80.1058044
 -66.1151657  80.038353
 -65.7695312  79.9335175
 -65.7592926  79.9327621
>
 -63.5040207  78.7076721
 -64.2152786  78.7433929
 -64.4606476  78.5709534
 -64.2050247  78.4978561
 -64.1588593  78.4936066
 -64.1391983  78.4915848
>
 -60.5130653  79.6102982
 -60.6575661  79.6524963
 -60.6125183  79.5933838
 -61.0818138  79.6491699
 -61.249939  79.5981293
 -60.8393707  79.5201492
>
 -59.456955  79.889679
 -59.7342186  79.9283295
 -60.9661598  79.9071045
 -61.0538521  79.7708359
 -60.2904091  79.7000427
 -60.3169785  79.6635742
>
 -73.6192322  80.5343552
 -72.6618195  80.2237396
 -73.1120605  80.1088638
 -73.4039307  80.1277084
 -73.4094086  80.0409851
 -74.6336517  80.2373657
>
 -62.8480072  78.9212036
 -63.7915154  78.9691315
 -63.5740089  78.8872375
 -64.0733185  78.9093857
 -63.4845924  78.7141266
>
 -64.3260574  82.509964
 -63.4886856  82.4500504
 -62.451786  82.5577393
 -62.2060585  82.7825623
 -62.3022461  82.8136978
>
>
>
>
 -72.434906  80.8557358
 -72.0124664  80.6279144
 -72.2274475  80.5538559
 -73.5720444  80.5476532
>
 -66.0567169  82.2213058
 -66.0567169  82.2213058
 -64.7911224  82.2882538
 -65.2207947  82.3643188
>
>
 -51.8385201  81.4603806
 -51.8607368  81.4679031
 -51.7532997  81.4744263
>
 -62.7122078  78.9642563
 -63.0846939  78.9913712
 -62.764431  78.9477463
>
 -62.6440582  78.9857025
 -62.6994972  78.9865265
 -62.6619949  78.980072
>
 -60.9989662  79.4753494
 -61.2805138  79.499176
 -61.3935928  79.362648
>
 -50.0828896  78.3367462
 -51.2293816  78.6158295
 -51.023468  78.6687927
 -50.2107201  78.4971008
 -50.1661644  78.7140274
 -50.5251961  78.812088
 -51.7160225  78.8559036
 -52.3665924  78.9710388
 -53.4863777  78.8358231
 -52.0597115  79.0799103
 -52.0282593  79.2890472
 -52.7166862  79.3493118
 -52.722477  79.4686203
 -53.5414772  79.6765747
 -54.3650703  79.7425919
 -54.2968407  79.691185
 -54.7170219  79.687439
 -54.951664  79.7529068
 -55.3821907  79.65242
 -55.1782112  79.5009384
 -55.5653381  79.632019
 -55.9554253  79.5491562
 -55.5576096  79.471962
 -55.5317726  79.3021317
 -54.919487  79.2908249
 -55.4033928  79.236557
 -55.7087631  79.2793274
 -55.8465157  79.2062073
 -54.9749413  78.9410553
 -55.567646  79.0099335
 -55.8257294  78.9496918
 -55.495224  78.8936691
 -54.8605537  78.9315491
 -53.9654198  78.7357712
 -53.8891945  78.803421
 -53.0936089  78.7542801
 -53.6608582  78.4052963
 -53.5138092  78.1994705
 -54.0859299  77.9619827
 -54.9084015  77.8839722
 -55.5194321  77.711441
 -55.3395462  77.5436401
 -55.6021614  77.5559006
 -55.6895828  77.4806213
 -55.7044678  77.4734726
 -56.0860367  77.188118
 -55.801651  77.1752319
 -55.780571  77.0776215
 -55.4836159  77.1178513
 -55.4599648  77.0190201
 -55.347065  77.1250229
 -54.5114326  77.1953354
 -55.1844063  77.0726852
 -54.8308487  77.0630951
 -54.980896  76.9514465
 -54.4088593  76.8371735
>
>
 -41.9025383  81.9630051
 -42.194088  81.9552383
 -42.113224  81.8574371
 -42.6741638  81.9036407
 -43.1700592  81.6195755
 -42.2265778  81.5168228
 -41.320816  81.529953
 -42.2245865  81.4650497
 -43.6724625  81.556778
 -44.2969322  81.4672394
 -43.8592491  81.3965454
 -44.3875389  81.289566
 -43.0117874  81.3046646
 -42.7128258  81.2103882
 -43.6567307  81.1717834
 -43.3253975  81.1186295
 -42.0074692  81.1810455
 -42.5726166  81.1044159
 -42.0234909  81.0892563
 -41.6797829  81.1775742
 -41.8154526  81.091217
 -41.1053009  81.0395203
 -41.7210617  81.0374832
 -41.5034485  80.946312
 -40.4321632  80.8524551
 -42.0795631  80.9764404
 -42.2344704  80.8700409
 -40.4232903  80.6429977
 -42.3661995  80.8117447
 -43.3779945  80.9828186
 -44.0869713  80.9265823
 -44.7803917  80.9679947
 -44.7918663  80.9669495
 -45.2344513  80.8067703
 -44.7492676  80.6408768
 -45.4282341  80.7511597
 -45.7317352  80.540863
 -45.1147995  80.5176773
 -44.3222885  80.3168564
 -45.8757286  80.4206772
 -46.0771446  80.2275467
 -45.731636  80.1977921
 -46.0700607  80.0914993
 -44.7461319  79.82061
 -44.2346497  79.9178619
 -44.4588242  80.0146561
 -43.9676132  79.9572678
 -43.964283  79.8764114
>
>
>
 -64.1391983  78.4915848
 -63.4679832  78.4173584
 -63.1558762  78.488884
 -63.4043999  78.4073486
 -62.7158699  78.4064331
 -62.6340866  78.319458
 -61.7954254  78.2606277
 -61.3977737  78.4479828
 -61.4449005  78.317276
 -61.008049  78.3224411
 -61.1851082  78.4871521
 -60.9325218  78.5099487
 -61.2566872  78.5252686
 -61.0397491  78.5788498
 -60.8240089  78.5320892
 -60.8624382  78.6086197
 -60.5566483  78.5859222
 -60.6957817  78.6747894
 -60.4241447  78.6061783
 -60.1008759  78.6924438
 -60.0746765  78.4899292
 -59.4168015  78.7531281
 -59.9046402  78.8640823
 -59.1107254  78.9282761
 -57.4274673  79.460083
 -57.896244  79.6199799
 -57.6211205  79.6014023
 -57.687336  79.731163
 -58.1289482  79.7682877
 -57.7386513  79.7009048
 -58.0728493  79.6567535
 -58.6425781  79.7185135
 -58.8439255  79.5664368
 -59.0730515  79.6288757
 -59.2071533  79.5630035
 -59.1038322  79.8403778
 -59.456955  79.889679
>
 -50.9911385  80.3623505
 -49.8551216  80.2985001
 -49.0671005  80.3923416
 -49.1024628  80.5583344
 -47.9558563  80.6003494
 -48.0615463  80.7837524
 -48.726265  80.894783
 -48.1774826  80.9556732
 -48.2963066  81.0441895
 -49.2174225  81.3541641
 -49.8755989  81.315155
 -50.3130341  81.1355438
 -50.84552  81.1577988
 -51.5765762  80.8813705
 -51.0100441  80.7919235
 -50.9526215  80.6484604
 -52.1759796  80.7157059
 -51.8503952  80.522049
 -52.3917007  80.4514465
 -52.1664886  80.4012146
 -51.453846  80.4552383
 -51.022274  80.3646088
 -50.9911385  80.3623505
>
 -60.0928917  78.0397415
 -60.1720352  77.9351349
 -59.7152863  78.0188293
 -60.0143394  77.8202896
 -59.5921783  77.7645035
 -59.8127747  77.7033081
 -59.3928261  77.7207336
 -59.4757118  77.587326
 -59.1401711  77.4904785
 -57.8052521  77.3724136
 -56.40728  77.8794479
 -56.5675812  78.3171463
 -57.4267693  78.4124298
 -58.2130966  78.3912125
 -58.365799  78.2954254
 -58.7974739  78.3573837
 -58.5782166  78.286644
 -59.1886635  78.2479324
 -58.8738403  78.2280121
 -59.6755676  78.2191086
 -60.3765373  78.0635071
 -60.0928917  78.0397415
>
 -51.0396767  78.0403976
 -51.8418274  78.0298538
 -51.5054016  78.0877762
 -51.8133125  78.1483307
 -52.6902733  78.0494003
 -51.9643593  78.1687393
 -52.1169395  78.2115707
 -51.0519485  78.1223755
 -51.7081528  78.2142792
 -51.3544807  78.2315292
 -52.0379257  78.3561249
 -51.7238731  78.3852081
 -51.9039803  78.4790344
 -50.781559  78.168335
 -51.0056458  78.2541428
 -50.5680084  78.1887207
>
 -49.558754  79.9918137
 -50.0660553  80.1217346
 -50.9104958  80.1682892
 -50.7244759  80.2407303
 -51.9352341  80.2501678
 -52.3386574  80.1879654
 -52.3518257  80.0134125
 -50.1940422  79.6949615
 -48.9782295  79.8088303
 -49.0834961  79.9749146
 -49.5596428  79.9883575
 -49.558754  79.9918137
>
 -55.345356  80.821846
 -55.2328072  80.7937546
 -53.8915901  80.7729492
 -53.8935928  80.7748795
 -53.1725349  80.8877487
 -53.0651627  81.1880722
 -51.5284996  81.3584366
 -51.8385201  81.4603806
>
 -46.4869919  79.3074341
 -46.9111595  79.5142899
 -47.5603409  79.4920578
 -48.1532135  79.3186493
 -47.9247093  79.0761795
 -47.4170685  79.0759659
>
 -62.3533516  79.0761261
 -61.8767319  79.0483322
 -62.324337  79.0174637
 -62.107914  78.9773941
 -62.6440582  78.9857025
>
 -61.3935928  79.362648
 -61.4484444  79.2920532
 -60.9012184  79.2605209
 -61.6794624  79.2397614
 -61.7007942  79.2728806
>
>
 -40.2665749  81.7034836
 -40.3106995  81.6798248
 -40.4333  81.7301483
>
 -43.3039207  80.0125656
 -43.2249107  80.0470886
 -42.8782845  80.0977402
>
 -63.4845924  78.7141266
 -63.4585152  78.7054214
 -63.5040207  78.7076721
>
 -62.764431  78.9477463
 -62.4016953  78.8981552
 -62.8480072  78.9212036
>
 -60.3169785  79.6635742
 -60.3802948  79.571373
 -60.5130653  79.6102982
>
 -60.8393707  79.5201492
 -60.2924576  79.4155426
 -60.9989662  79.4753494
>
 -62.6619949  78.980072
 -62.4683495  78.9464111
 -62.7122078  78.9642563
>
>
 -51.7532997  81.4744263
 -51.3933678  81.4965897
 -51.360054  81.538353
>
>
 -33.9342766  80.6591034
 -33.5002899  80.4791565
 -34.2067451  80.6548996
 -35.0569801  80.5284042
 -34.6170044  80.2698898
 -35.7928696  79.8326569
 -35.3622971  79.8076706
 -35.7283058  79.7557526
 -35.5477829  79.6115265
 -36.0303841  79.6709976
 -36.100193  79.8277054
 -36.7440643  79.7574615
 -35.5009422  79.3850937
 -34.0737534  79.3790131
 -34.9491768  79.2587433
 -36.2297745  79.4421005
 -36.2868233  79.3013077
 -35.7812576  79.2244263
 -36.1729736  79.2544022
 -36.4640083  79.1156616
 -36.6396255  79.4859619
 -37.4064789  79.7323532
 -39.5439339  79.8219604
 -40.3097839  79.7400513
 -40.2181244  79.6750717
 -40.5456734  79.7154083
 -41.3379326  79.6533966
 -41.9806786  79.5077438
 -41.6408424  79.4413605
 -42.2863007  79.4327545
 -41.6112022  79.3283997
 -39.9498329  79.4211197
 -41.4179344  79.2334747
 -40.6066895  79.1531677
 -38.1990814  79.423851
 -39.178009  79.2887268
 -39.0582848  79.2324295
 -39.8123207  79.1790924
 -39.1426125  79.0245209
 -39.9635544  79.1511459
 -40.1417084  79.0530167
 -39.6938171  78.9854584
 -40.4894142  79.0738144
 -41.3666115  79.0536957
 -41.404644  78.9682159
 -40.3056831  78.8435059
 -41.4219055  78.9434052
 -41.4640694  78.8935852
 -41.0027466  78.8863144
 -41.6865578  78.8417206
 -41.7832146  78.6915283
 -40.8663063  78.7450027
 -41.8827629  78.6083603
 -40.9000969  78.4738846
 -38.6131859  78.7437973
 -38.0311584  78.7288284
 -40.3835754  78.4482574
 -41.2360344  78.4400406
 -41.219635  78.3041306
 -42.0351562  78.4852371
 -42.2731857  78.3856506
 -42.7217979  78.6599121
 -43.0943909  78.6603317
 -42.3254013  78.9109879
 -42.3124466  79.0740509
 -42.8698311  79.2327347
 -43.8614616  79.3185883
 -44.5121307  79.1637497
 -44.495945  78.9527512
 -44.9880333  78.8640137
 -44.1774788  78.7530746
 -44.7072411  78.7557907
 -44.5111084  78.6729126
 -45.0237923  78.6725845
 -44.5292778  78.5734024
 -44.9143333  78.5560379
 -45.1460381  78.6650238
 -45.3883896  78.6104584
 -46.5707359  78.7589722
 -48.2060318  78.6854401
 -48.4140129  78.5639114
 -49.1384506  78.4760208
 -48.8667488  78.2385635
 -48.123333  78.3710632
 -48.5968971  78.1928787
 -47.8213654  78.4678879
 -47.3052483  78.5238419
 -48.4320488  78.169014
 -48.0454483  78.0662689
 -47.8023109  78.0981522
 -47.8364525  78.0109634
 -47.593998  77.9972
 -46.9592667  78.2415009
 -47.3511009  78.0897598
 -46.9479713  77.8947983
 -46.5622673  77.9972839
 -46.0948486  77.9900436
 -46.0689812  78.1321487
 -46.0223083  77.9807434
 -46.5557976  77.8942108
 -45.7760086  77.6530762
 -44.8850632  77.5707703
 -45.1581802  77.7367859
 -44.8938942  77.8590698
 -44.8165207  77.703064
 -44.3995094  77.6586151
 -43.9332657  77.8446884
 -43.9989052  77.5821762
 -43.5577736  77.4977798
 -42.8211441  77.8115845
 -43.3662949  77.4928207
 -42.7698593  77.3599167
 -42.1866226  77.4875717
 -42.1788673  77.5658722
 -41.5820541  77.5414276
 -42.3113213  77.4376755
 -41.8727989  77.3184357
 -41.4497871  77.354126
 -41.3699799  77.1828918
 -42.3418312  76.9841156
 -41.1499939  76.9313431
>
>
>
 -54.4088593  76.8371735
 -54.4086533  76.8371506
 -54.5130386  76.7852402
 -53.563633  76.7355194
 -52.9518585  76.9339371
 -53.1049614  76.7475204
 -52.2469978  76.9239731
 -52.3076477  76.7760544
 -53.1390419  76.575264
 -52.5701447  76.4601746
 -52.3129921  76.4831009
 -52.3961029  76.4220886
 -51.8060493  76.4454498
 -51.967411  76.379921
 -51.2828827  76.2866364
 -51.1564751  76.4385605
 -51.1002045  76.2736282
 -50.5563965  76.3553009
 -50.7818871  76.233345
 -50.230278  76.180275
 -49.7891388  76.337059
 -49.9020729  76.1241989
 -49.2365456  76.2717056
 -49.5458603  76.0904922
 -48.1988487  75.954155
 -47.4890289  76.1057892
 -47.3740387  76.2569046
 -47.1759148  76.0953751
 -47.5273476  75.8727264
 -47.2638054  75.7978516
 -47.0566025  75.8534698
 -47.1644325  75.7905121
 -46.6133728  75.6507339
 -45.8236732  75.6754379
 -44.9027824  75.5615463
 -44.3659248  75.8759308
 -44.2605553  75.728035
>
 -42.7067833  76.3599167
 -42.7206383  76.3932266
 -43.6668282  76.6064529
 -43.2345123  76.6797943
 -43.5840225  76.7802658
 -44.2055435  76.9022751
 -45.1795349  76.9216537
 -45.7673683  77.1083527
 -46.3245773  77.0519943
 -46.7000084  77.0909576
 -46.7144699  77.0085678
 -47.1136055  77.111145
 -47.5576668  77.050087
 -47.7488098  77.1247864
 -48.5157433  77.1269989
 -48.1931953  76.9543228
 -49.259922  77.0499344
 -48.9281769  77.0748291
 -49.3343811  77.3599319
 -50.0204086  77.2545547
 -49.8886108  77.3888474
 -50.6406136  77.3661346
 -50.6243057  77.6164627
 -51.4131546  77.4212723
 -51.290966  77.5851135
 -51.8774796  77.6259384
 -51.6483421  77.6772766
 -51.2453346  77.623909
 -50.7937126  77.7345581
 -50.9588623  77.8673401
 -51.3533669  77.8381195
 -50.9804039  77.9040985
 -50.9412231  78.0417023
 -51.0396767  78.0403976
>
 -42.8782845  80.0977402
 -42.6605339  80.1292038
 -43.4136276  79.6304245
 -42.2286148  79.7837372
 -41.688755  79.9738846
 -41.7345085  79.7786331
 -41.0794182  79.8192749
 -40.8274651  79.912384
 -41.1226349  79.9602051
 -40.8114967  79.9396973
 -39.6439133  80.1811142
 -38.9049454  80.1988525
 -40.2358246  80.0216293
 -40.5406876  79.8470612
 -39.085907  79.9475784
 -38.4464226  80.0752792
 -38.5800171  79.964653
 -38.0459785  80.0140076
 -35.9286995  79.9638138
 -35.1538429  80.3219528
 -36.1534157  80.2338638
 -35.5208282  80.4280853
 -35.8901443  80.4718475
 -36.2971458  80.4027328
 -36.1766624  80.4721985
 -36.8619728  80.4788208
 -34.7994232  80.6884384
 -35.5984154  80.6967621
 -34.7501488  80.7135925
 -34.5701523  80.7663269
>
>
 -38.7609138  77.7059555
 -39.3399658  77.6753922
 -38.7433891  77.7419205
 -39.2575531  77.9121017
 -40.2875595  77.942543
 -40.2932549  78.0966415
 -39.2974586  77.9835434
 -39.5334511  78.1562653
 -38.9586906  78.3736649
 -38.9721985  77.9335632
 -38.3766594  77.8203049
>
>
 -30.7452259  79.6395035
 -31.5546818  79.6415939
 -31.872324  79.8041992
 -32.2917442  79.7998199
 -31.5056515  80.0377655
 -31.355463  80.2204208
>
 -30.733181  80.1137924
 -30.6184616  80.0222549
 -31.6341438  79.8669205
 -31.3610458  79.7273483
 -30.6236973  79.6627731
>
 -50.5680084  78.1887207
 -50.2221375  78.1368332
 -49.6163521  78.1360168
 -49.5365868  78.2028809
 -50.0828896  78.3367462
>
 -47.4170685  79.0759659
 -46.9093895  79.0758514
 -46.4803391  79.303566
 -46.4868011  79.3073959
 -46.4869919  79.3074341
>
 -43.9570389  75.85672
 -44.3221855  75.8654556
 -44.2038269  75.9430008
 -43.6786537  75.9724426
>
>
>
>
 -43.964283  79.8764114
 -43.9483414  79.7122879
 -43.3039207  80.0125656
>
 -42.9278374  76.2739944
 -43.2642441  76.3223038
 -42.7829132  76.3304825
>
>
>
>
 -38.3766594  77.8203049
 -37.7479782  77.7007141
 -37.1361618  77.7274857
 -37.2918968  77.6619797
 -35.658783  77.7611389
 -35.3629341  78.0974045
 -34.9794769  78.1244049
 -34.2373772  77.9040833
 -33.3143997  77.9126129
 -33.1731415  77.8211975
 -32.4636688  77.9221039
 -33.2369614  78.151474
 -32.3024521  77.9830704
 -31.4377213  78.0083694
 -31.4336643  78.1387253
 -32.0968208  78.3653259
 -31.2495461  78.206955
 -30.3337383  78.1617279
 -29.7659092  78.4120712
 -30.9463615  78.5866165
 -29.9888821  78.6005478
 -30.5351696  78.7632141
 -31.358284  78.8342743
 -32.5255165  78.7416077
 -31.3043003  78.8729858
 -32.0434952  79.0583344
 -31.1687489  78.8504105
 -29.9170341  78.7258377
 -30.0455208  78.8392715
 -31.229538  79.0592346
 -29.4349632  78.8066864
 -29.6874237  78.678894
 -28.8554363  78.4901886
 -28.6904697  78.6352081
 -28.2518139  78.6512527
 -29.742712  78.9637909
 -30.500927  79.031044
 -30.1857853  79.0184784
 -30.4325237  79.1739807
 -29.8788681  79.0431595
 -29.6295242  79.1610565
 -29.3667088  79.141571
 -29.5835533  79.0241699
 -28.8603973  78.8956757
 -29.0626049  79.20224
 -28.2712059  78.8363037
 -27.9243088  78.8276825
 -27.7720623  78.9256668
 -27.3661251  78.7660904
 -26.8186131  78.8272629
 -26.3799915  78.7134628
 -25.6099796  78.9158936
 -26.4457798  79.1552887
 -25.8346462  79.1138382
 -25.8161964  79.0211487
 -25.1577263  78.9022675
 -25.5032425  78.7702408
 -24.4848366  78.6648102
 -23.535368  78.713768
 -23.7430992  78.8121796
 -23.0303078  78.7720566
 -22.9870777  78.7768936
>
>
>
 -26.2530575  77.7937851
 -26.3687687  77.8149796
 -27.2135277  77.8201065
 -27.5958595  77.7383804
 -27.8250313  77.8113632
 -28.8489838  77.8499298
 -29.6954765  77.7646484
 -30.0358658  77.6262741
 -30.3691769  77.6503906
 -30.092144  77.4720078
 -30.2496109  77.2851028
 -29.7043228  77.1843643
 -30.0544548  77.0976562
 -28.8762169  77.0188065
>
 -41.1499939  76.9313431
 -40.3664513  76.8965912
 -39.2857933  77.0619507
 -39.2020645  76.911438
 -38.1606064  77.0137024
 -37.5373344  77.3057709
 -37.8719902  77.3619003
 -38.6243134  77.2578659
 -38.448246  77.3660049
 -38.8843536  77.4442062
 -38.1305771  77.5130386
 -38.0138741  77.6588287
 -38.321907  77.7292175
 -38.7609138  77.7059555
>
 -30.4063053  76.507225
 -30.5404015  76.5360031
 -31.252739  76.5842667
 -31.1603165  76.5144424
 -31.8989201  76.5307236
 -31.9741402  76.3860855
 -31.6109085  76.334671
 -31.9825325  76.3353195
 -31.9082642  76.2082291
 -31.0950375  76.2606659
>
>
 -44.2605553  75.728035
 -44.2514038  75.7153091
 -43.5315475  75.699379
 -43.4873161  75.8453445
 -43.9570389  75.85672
>
 -43.6786537  75.9724426
 -42.9788475  76.0116119
 -42.5409241  76.2181702
 -42.9278374  76.2739944
>
 -28.8974895  77.0120163
 -29.7860661  76.9732971
 -29.3757973  76.8758392
 -29.3199501  76.8753586
>
 -29.4387608  76.8362579
 -29.8145981  76.81987
 -29.6676407  76.7601929
>
>
>
 -42.7829132  76.3304825
 -42.6947708  76.331955
 -42.7067833  76.3599167
>
 -31.3374443  76.1713181
 -31.4073963  76.1643448
 -31.4176483  76.1414413
>
>
 -30.6236973  79.6627731
 -30.3470936  79.6384048
 -30.7452259  79.6395035
>
 -31.4176483  76.1414413
 -31.4434052  76.0823517
 -30.7168941  75.8673477
 -30.0090313  75.7887039
 -30.2717876  75.7117691
 -30.8598061  75.8027573
 -31.9435043  75.7705231
 -31.8317928  75.4471283
 -31.5405159  75.3995743
 -31.7448997  75.356369
 -30.4332123  74.9486771
 -30.5975876  75.2612381
 -30.2725945  75.3192825
 -30.0404663  75.3005142
 -30.0405788  75.0901871
 -29.4685364  75.2285995
 -29.1031933  75.1665573
 -29.0269966  75.1118088
 -29.5860233  75.0371246
 -29.3730812  74.9144592
 -28.9807835  75.0326767
 -28.4984684  74.9028625
 -28.3007259  75.03125
 -28.1748238  74.9646606
 -27.8991032  75.077034
 -27.7690372  75.0122757
 -28.0825043  74.8669128
 -27.7762547  74.8275833
 -27.0670433  74.9821014
 -26.7571945  74.8495255
 -26.9055347  74.735817
 -26.7795963  74.7897873
 -26.3260326  74.760376
 -26.1433086  74.5942459
 -25.5370827  74.4994202
 -25.7038441  74.3248749
 -25.3622761  74.3610992
 -25.2510643  74.1878738
>
 -29.6676407  76.7601929
 -29.3151035  76.6179123
 -28.6226273  76.5623322
 -28.336771  76.7073593
 -28.4684448  76.5285263
 -27.746933  76.4436111
 -26.7089539  76.4962387
 -26.5848465  76.3509293
 -26.8308678  76.2076492
 -27.3654804  76.2544022
 -27.381031  76.0553284
 -28.0016708  76.3153915
 -28.7941856  76.4210205
 -29.6200886  76.4313126
 -28.1676426  76.05159
 -27.4975719  76.0089798
 -27.8512955  75.9590225
 -30.4063053  76.507225
>
 -19.2370281  78.1341782
 -18.9980011  77.9505386
 -19.7898083  78.0360184
 -20.5252914  77.7547913
 -22.5672112  77.5637283
 -23.2724991  77.668045
 -23.0855236  77.6919479
 -23.383606  77.6693268
 -23.347477  77.7520523
 -24.0634232  77.735054
 -24.2409248  77.8183136
 -24.9269428  77.8541336
 -25.4879322  77.8263931
 -25.4481888  77.686676
 -25.5611801  77.7924347
 -25.9652042  77.7405548
 -26.2530575  77.7937851
>
>
>
>
 -31.0950375  76.2606659
 -30.6685257  76.2882309
 -30.5927658  76.2451477
 -31.3374443  76.1713181
>
>
>
 -29.3199501  76.8753586
 -28.6893215  76.8692017
 -29.4387608  76.8362579
>
 -28.8762169  77.0188065
 -28.8224087  77.0152969
 -28.8974895  77.0120163
>
 -25.2510643  74.1878738
 -25.2467823  74.1816483
 -24.9270191  74.1778259
 -25.2963734  74.0436249
 -24.68367  74.0390091
 -24.9149227  73.8765259
 -24.351553  73.8058395
 -24.5913391  73.7925491
 -24.369915  73.7490311
 -24.6195335  73.6881943
 -24.5366077  73.5899353
 -25.2013245  73.5222778
 -24.7540245  73.5179138
 -25.0790329  73.4448242
 -24.8623238  73.2747879
 -25.1728039  73.2222977
 -24.812994  72.9649429
 -24.5656128  72.9441299
 -24.5461254  72.8206024
 -24.9000092  72.8401718
 -24.9516792  72.7221451
 -24.7184334  72.7319412
 -24.6379185  72.5344772
 -24.4234352  72.5183029
 -24.5418758  72.4397812
 -25.1017647  72.5009766
 -24.6403751  72.3874207
 -24.805872  72.3377762
 -25.1869469  72.3957214
 -24.8988895  72.275032
 -26.0026035  72.2448349
 -25.291357  72.2052689
 -24.7614212  72.2605133
 -25.1791573  72.1304169
 -25.060112  72.0842972
 -25.3299751  72.1126709
 -24.9733753  72.0283203
 -25.2093334  71.9836121
 -24.93993  71.825676
 -25.2209797  71.8664856
 -25.2687817  71.7668762
 -25.0464287  71.6924515
 -25.3437862  71.7800751
 -25.5337696  71.712532
 -25.3745403  71.6866913
 -25.601965  71.6930084
 -25.1568584  71.3099518
 -25.2819118  71.3558426
 -25.6194572  71.2633972
 -25.4253483  71.1540298
 -25.6771641  71.1963348
 -26.0825882  71.1065979
 -25.6681118  70.9917221
 -25.4943123  71.0258636
 -25.6003151  70.9692993
 -25.3826504  70.9356232
 -25.4365177  70.7615204
 -25.7869339  70.7589798
 -25.4344044  70.6831589
 -25.7046585  70.7064056
 -25.5891266  70.628067
 -25.8872719  70.6471329
 -25.7160244  70.57547
 -25.8767986  70.5911636
 -25.9834156  70.5067291
 -25.5989628  70.4154663
 -26.5208893  70.5912933
 -26.7659054  70.5415802
 -26.5919476  70.4500961
 -26.4656792  70.5236282
 -26.5239639  70.403183
 -26.2328377  70.4793015
 -26.0875301  70.3556976
 -26.2811413  70.3789062
 -26.3563881  70.2648392
 -27.0138035  70.1904526
 -26.9268646  70.1354141
 -27.2311783  70.1481476
 -27.0570621  70.014473
 -26.4464016  70.0254059
 -25.9848709  70.203598
 -26.4713707  70.0009079
 -27.194664  69.9732056
 -27.2049541  69.8721313
 -27.3021851  69.9301376
 -27.8461323  69.8665771
 -27.6268902  69.7921982
 -27.7892342  69.6277618
 -27.6720467  69.5288467
 -27.5181885  69.5182266
 -27.5268021  69.6215744
 -27.3203716  69.4375229
 -26.4588242  69.4080887
 -26.2940292  69.5290375
 -26.4234333  69.6212082
 -26.2487926  69.6525955
 -26.1578598  69.567688
 -26.1493206  69.6946564
 -25.9143276  69.6574402
 -25.5859699  69.7310104
 -25.5153561  70.2144775
 -25.1710567  70.2145767
 -25.4637432  70.2071152
 -25.4077492  69.8867111
 -25.6516476  69.6534805
 -24.8709507  69.7764587
 -25.6432686  69.5837402
 -24.8058453  69.3612747
 -24.3064842  69.4250183
 -24.5797005  69.3060684
 -25.1606731  69.3441162
 -25.7271538  69.2807388
 -25.2982712  69.1723633
 -24.4737587  69.2033463
 -24.2987919  69.1459579
 -25.1895599  69.1355438
 -25.5997524  68.9877777
 -24.6953125  69.0706482
 -24.605751  68.9957581
 -25.3922749  68.9012604
 -24.5366173  68.8147812
 -24.8469868  68.765831
 -24.4077549  68.6623154
 -24.6533222  68.6373138
 -25.0877609  68.8161087
 -25.2642975  68.789505
 -24.7765617  68.5428543
 -24.4910107  68.5329132
 -24.493454  68.3394394
 -24.9060936  68.5084229
 -25.1360092  68.4616928
 -24.9503498  68.3915558
 -24.7618599  68.4463043
 -24.9195633  68.3374329
 -24.5343437  68.2770538
 -24.7875443  68.3059464
 -24.7307701  68.19664
 -24.8400021  68.2460632
 -24.8880997  68.1771317
 -25.010622  68.3234177
 -25.2032318  68.2865067
 -24.9944668  68.1048203
 -24.5430889  68.158432
 -24.8227196  68.057312
 -24.7518501  67.9744797
 -25.5013885  68.1835556
 -26.3267841  68.6629333
 -27.2824936  68.8683014
 -27.8749084  68.7562714
 -27.5334435  68.4201965
 -26.7340069  68.1911011
 -26.5303974  67.9224777
 -25.850008  67.8185806
 -25.8472519  67.7742844
>
 -27.0284939  67.9391785
 -27.1953316  68.1844711
 -27.9794769  68.426712
 -28.4783344  68.3777695
 -28.6044025  68.2047501
 -28.4912968  68.1442642
>
 -25.7126427  67.7555389
 -25.4271126  67.7934799
 -25.3078327  67.7294769
 -25.4627991  67.7664719
 -25.5309181  67.7302475
>
 -25.2283363  67.6881866
 -24.7403011  67.6760101
 -24.7838039  67.6264648
>
 -6.27208996  65.2292099
 -6.28744125  65.2919388
 -6.69708157  65.2819901
 -6.76486492  65.3704834
 -7.1071353  65.3736649
 -7.0994463  65.4362793
 -6.76224947  65.4430313
 -6.55933714  65.3635712
 -5.70149469  65.4971771
 -5.29459429  65.4542847
 -5.14678574  65.5007401
 -5.23565054  65.5980148
 -6.65511417  65.6539612
 -6.61589527  65.7983093
 -7.34639454  65.7556915
 -7.37696123  65.8370361
 -6.68992329  65.8314209
 -6.41730547  65.901123
 -6.04441738  66.1166382
 -6.34379482  66.2649155
 -5.7758975  66.1536026
 -5.87023306  66.3838882
 -5.7064023  66.1406631
 -5.14246464  66.0723648
 -4.12184  66.1736603
 -4.13897324  66.293541
 -3.98228025  66.2244186
 -3.85843658  66.2748184
 -4.06354713  66.5258408
 -4.91843653  66.6639938
 -5.10457325  66.6293411
 -4.97528362  66.7146454
 -5.27694654  66.789444
 -5.99332094  66.8053741
 -5.11822033  66.7951126
 -5.02159023  66.8581848
 -5.43345308  67.0763779
 -5.27027845  67.0810318
 -5.71329784  67.1684189
 -5.58649635  67.230957
 -5.23418808  67.1829529
 -4.74201345  66.6687469
 -4.46501303  66.649498
 -4.36202765  66.7156982
 -4.31079388  66.6333008
 -3.82461691  66.5409546
 -3.60466313  66.2662201
 -3.20414042  66.2757111
 -3.30036712  66.2086105
 -3.07689404  65.925766
 -3.20084047  65.5715408
 -2.80254674  65.3075027
 -2.22639465  65.2357941
 -1.86474538  65.6282043
 -2.06047106  65.2338181
 -1.76138055  65.24897
 -1.73168159  65.1372528
 -1.31393206  65.209465
 -1.49303246  65.3020096
 -1.27575111  65.3672028
 -1.41709983  65.4298706
 -1.2276473  65.4015579
 -1.41309822  65.4492874
 -1.2609123  65.4955978
 -1.48965633  65.5325546
 -1.27996314  65.5304337
 -1.12514782  65.6515579
 -1.41326988  65.700058
 -1.15492082  65.7025604
 -1.11666417  65.7634659
 -1.63061059  65.7946091
 -1.11085856  65.8076324
 -1.19097388  65.8913651
 -1.06993818  65.8358841
 -1.04340601  65.9330597
 -1.19693434  65.9697495
 -0.902974844  66.0075302
 -1.09838617  66.0046692
 -0.910016179  66.1720886
 -1.2720468  66.1849976
 -1.54432929  65.9865417
 -1.55092824  66.213028
 -0.873491347  66.4220581
 -1.10694945  66.465332
 -1.56251395  66.3149872
 -1.22661483  66.5157166
 -1.88066864  66.419281
 -1.21555841  66.6524048
 -1.86638296  66.9553452
 -2.04969954  66.9387512
 -1.93942797  67.0679779
 -2.4298811  67.3088455
 -2.94628119  67.2871246
 -3.32823324  67.088974
 -2.92940092  67.3356705
 -3.74665713  67.4220581
 -2.36281514  67.3632736
 -2.50374794  67.4608536
 -2.31496882  67.5646667
 -2.63120747  67.7248459
 -2.8372035  67.7832108
 -3.39380622  67.7344208
 -3.8764751  67.5787964
 -3.46486235  67.7517624
 -3.87243724  67.7756271
 -3.51105118  67.8032761
 -3.71016359  67.899353
 -4.24993944  67.951088
 -3.63078475  67.9110107
 -3.31698608  67.7837524
 -2.87882233  67.86026
 -2.46082735  67.8358231
 -2.30173016  67.9635315
 -3.19048309  68.1933136
 -3.45597553  68.1280899
 -3.85994697  68.2069321
 -4.19865179  68.0379181
 -3.98512268  68.2081451
 -4.20508194  68.2463226
 -3.82155275  68.2662048
 -3.47724748  68.1707153
 -3.10089517  68.2330627
 -3.55275941  68.4069138
 -3.60706902  68.5663376
 -3.34255886  68.3595581
 -3.09674096  68.3490753
 -2.83741236  68.2037048
 -2.33813357  68.2650833
 -2.21086645  68.3547592
 -1.65624976  68.3483505
 -2.08534956  68.7102966
 -2.07460737  68.8625641
 -1.76083016  68.461998
 -1.47360587  68.361145
 -1.35376227  68.5258865
 -1.00931215  68.5927124
 -0.23355411  68.2355118
  0.23346734  68.2498398
 -0.23671782  68.2192612
 -0.701891243  68.4428711
 -1.08054447  68.4626083
 -0.783534527  68.1533432
 -0.172063887  67.9139709
  0.533226192  67.9728928
  0.612725258  68.0673447
  1.45659959  67.9756546
  1.52226067  68.2036896
  1.82666969  68.3326797
  1.2711761  68.456131
  0.949590027  68.6407928
  0.725892127  68.5762863
  0.547018886  68.2449646
  0.658014119  68.4796524
  0.393907219  68.6946793
  0.647703946  68.7170944
  0.561988473  68.7884674
  0.903927386  68.8945694
  0.634997487  68.9364548
  1.01552105  68.918335
  1.17400575  68.9764175
  1.11483812  69.1888046
  1.29623604  69.0060654
  2.2182951  68.9110184
  2.21348858  68.7444916
  2.35391474  68.7066116
>
  4.03095627  70.5911179
  3.66263819  70.5946045
  3.4364779  70.716568
  3.29631138  70.7139359
  3.47670722  70.5874939
  3.27641082  70.7103195
  2.74950242  70.6992188
  3.10908961  70.891098
  2.49947882  70.9872971
  2.6865654  71.0027084
  2.93019819  70.9269028
  3.11596227  70.9439697
  2.84191084  70.9594421
  3.14719462  70.9835052
  2.82071042  71.052948
  3.11738229  71.0511627
  2.62731433  71.2313461
  2.96275854  71.2500992
  3.18325639  71.363533
  3.2717967  71.0794601
  3.67427802  71.1968384
  4.06330538  71.1907425
  3.51662636  71.3201981
  4.28810453  71.2436676
  3.80204749  71.3069763
  3.99845767  71.3390427
  4.68260527  71.2357101
>
  2.64435983  69.0587921
  2.5448277  69.1107254
  1.8994385  69.150116
  2.28837776  69.197197
  2.53827286  69.5023727
  2.19763207  69.5720062
  1.64945936  69.4958954
  1.36022723  69.7593536
  1.67304373  69.5177155
  2.21922421  69.6046448
  2.69756818  69.5735779
  2.70083857  69.6276779
  2.31577039  69.9289017
  1.6639359  70.1179123
  2.34838724  69.9431763
  2.05403638  70.2039032
  2.71039033  69.7363358
  3.12274241  69.7318649
  3.09439397  69.5820923
>
  5.62808132  72.0970383
  5.25981426  72.2285995
  5.2605648  72.3332901
  4.52952194  72.0406799
  4.16822433  72.0939102
  5.04257345  72.4546432
  4.78767681  72.5160294
  5.09314251  72.4996567
  5.95275688  72.9049759
  5.64373207  72.9198532
  5.66416788  72.9732208
  6.02068233  72.9651184
  5.8481698  72.9958954
  5.97808409  73.096489
  6.33397484  73.0858917
  6.4190321  73.1450806
  6.77117777  73.074234
  6.96527052  73.2645798
  7.0764184  73.2694855
>
 -1.93774748  67.2946777
 -1.45413005  67.1208649
 -1.16836548  66.8949661
 -1.02714753  66.928093
 -1.06975424  66.8572769
 -0.769763887  66.8335342
 -0.598353446  66.9382935
 -0.830561697  66.9539108
 -1.02536118  67.1628952
 -0.655023277  67.1380539
 -0.486829579  67.0529938
 -0.37854439  67.1427307
 -0.589300871  67.1646042
 -1.03564906  67.5755997
 -2.05167389  67.6981812
 -2.11384869  67.4436798
 -1.9413507  67.2951736
 -1.93774748  67.2946777
>
 -6.41975212  65.6897736
 -4.95388889  65.6884384
 -4.84039068  65.6053925
 -4.16155005  65.6654129
 -4.23148012  65.805809
 -4.06934881  65.942215
 -4.28689337  66.0251694
 -4.20401859  66.1230164
 -4.91646624  66.0157852
 -5.38676214  66.0556335
 -6.01024485  65.8814392
 -6.21388769  65.8949509
 -6.50291777  65.7464828
 -6.42079735  65.6894913
 -6.41975212  65.6897736
>
  5.17328787  71.6930466
  4.63263655  71.757637
  5.21684599  71.7348785
  4.59388971  71.8990555
  4.9570365  71.8136139
  4.81838703  71.9073944
  5.16948462  71.8491058
  4.82465792  71.9972534
  5.06024599  72.0666428
  5.17374516  71.9895325
  5.4755764  71.9935989
  5.49611187  71.9817123
>
 -1.62381434  67.7205811
 -0.884733856  67.5727463
 -0.734807074  67.3903961
 -0.159742981  67.3622971
 -0.334058613  67.478447
 -0.0466477722  67.5596771
 -0.409793943  67.6918564
 -0.975932419  67.8087769
 -1.974648  67.8384094
 -2.01508856  67.7457962
 -1.6262728  67.7200241
 -1.62381434  67.7205811
>
 -2.31787419  64.7817459
 -2.03001785  64.8527145
 -2.00626302  64.9142456
 -2.55007839  64.9014053
 -3.39173508  65.0422516
 -4.15882921  65.3684235
 -4.43350744  65.306366
 -4.30181265  65.4373398
 -5.26669979  65.3222046
 -5.68378973  65.4231567
 -6.16634798  65.2168655
>
 -0.729148388  67.8133545
 -0.569548666  67.8633575
 -1.92283511  68.1601944
 -0.775948524  67.9666824
 -1.65594614  68.270256
 -2.17754126  68.2985535
 -2.69285011  68.1420364
 -1.84089613  67.8652039
 -0.730923831  67.8135529
 -0.729148388  67.8133545
>
  0.904055595  68.8483353
  1.28771961  68.6263733
  2.21573877  68.633522
  2.08063173  68.8761673
  1.69737875  68.9547958
  1.30117965  68.9705887
  0.906511009  68.848999
  0.904055595  68.8483353
>
  3.75374746  70.3030853
  2.49088383  70.4682541
  2.53277397  70.5448685
  2.6796844  70.4547424
  3.52495193  70.3676071
  3.83073306  70.3839417
>
  8.03093052  73.9587708
  7.70025873  73.9291687
  7.8207469  74.0249863
  7.60302162  74.0474854
  7.95665979  74.1574097
>
  8.26830387  74.122757
  7.8800149  73.974411
  8.04773903  73.9703751
>
  3.7910645  69.3113174
  4.44292688  69.280777
  4.55532408  69.1634216
  4.80900192  69.2347488
  4.9071455  69.3647461
  4.55702591  69.3236694
  4.50859547  69.4906082
  4.37085342  69.4833679
  4.71710348  69.5428085
  4.65905809  69.6737442
  4.35690975  69.5426331
  4.29268408  69.6588974
  3.95461512  69.6470337
  3.79070711  69.3119888
  3.7910645  69.3113174
>
  7.0764184  73.2694855
  7.37407017  73.2830124
  7.7033906  73.4108124
  7.58237648  73.2947464
  7.74081898  73.3064346
  7.91843367  73.4022369
  7.62620354  73.4726562
  7.23042631  73.3229218
  8.00874901  73.7861938
  8.39632988  73.8731308
  8.99474812  73.775528
  9.65897751  73.9691696
  9.66042042  73.9717941
>
  4.68260527  71.2357101
  4.77233028  71.2221069
  5.43163347  70.9183807
  5.72835159  71.0154343
  6.14601183  71.5124893
  5.81652927  71.6043396
  5.65262604  71.4419403
  5.37530947  71.5001068
  5.28376198  71.6800079
  5.17328787  71.6930466
>
  3.09439397  69.5820923
  3.09088421  69.5621948
  3.32424402  69.4974747
  3.76007819  69.7574692
  3.85195684  70.0635681
  4.00462008  70.0455093
  3.77850628  70.2999954
  3.75374746  70.3030853
>
  2.35391474  68.7066116
  2.58050394  68.6453476
  3.25476861  68.8323288
  3.01266456  68.9308624
  3.10560393  69.0586624
  2.7926991  68.9814758
  2.64435983  69.0587921
>
  3.83073306  70.3839417
  3.99911594  70.393013
  4.10261583  70.4982681
  4.0605464  70.5907593
  4.03095627  70.5911179
>
  5.49611187  71.9817123
  5.79843473  71.8069382
  6.06409121  71.8291168
  6.05741501  71.9453278
  5.62808132  72.0970383
>
  8.04773903  73.9703751
  8.13756657  73.9683228
  8.03093052  73.9587708
>
>
>
>
>
>
>
>
>
>
>
>
>
>
>
>
>
>
>
>
>
>
>
>
>
>
>
>
>
>
>
>
>
>
>
>
>
>
>
>
>
>
>
>
>
>
>
>
>
>
>
>
>
>
>
>
>
>
>
>
>
>
>
>
>
>
>
>
>
>
>
>
>
>
>
>
>
>
>
>
>
>
>
>
>
>
>
>
>
>
>
>
>
>
>
>
>
>
>
>
>
>
>
>
>
>
>
>
>
>
>
>
>
>
>
>
>
>
>
>
>
>
>
>
>
>
>
>
>
>
>
>
>
>
>
>
>
>
>
>
>
>
>
>
>
>
>
>
>
>
>
>
>
>
>
>
>
>
 -25.2964268  66.821701
 -25.7818222  66.8022614
 -25.9451046  66.8587494
 -25.7847614  66.7541199
 -25.5768452  66.7632446
 -25.6464672  66.6779556
 -25.5096741  66.65728
 -25.6972294  66.6431274
 -25.6253033  66.7356033
 -25.761343  66.6863861
 -25.8297501  66.7320709
 -25.8474045  66.6011734
 -25.955637  66.8032837
 -26.2778149  66.8057709
 -25.9683704  66.8711853
 -26.273159  66.9148636
 -26.5851326  66.6895752
 -26.3421803  66.704483
 -26.78022  66.5645828
 -26.1745319  66.5731812
 -26.53409  66.509491
 -26.5085773  66.4120102
 -26.3279152  66.3954163
 -26.491766  66.3837738
 -26.3414879  66.3497009
 -26.4125614  66.2675171
 -26.5968304  66.497406
 -26.6819992  66.3768082
 -27.4467487  66.4051132
 -27.5411053  66.4741669
 -27.3130493  66.529274
 -27.6691875  66.5911331
 -27.8979206  66.537178
 -27.494997  66.4976273
 -28.1303101  66.5217667
 -27.9031391  66.481987
 -28.329834  66.452034
 -28.3229465  66.3764648
 -29.0104027  66.4193802
 -28.166193  66.3513565
 -28.6139011  66.2789764
 -28.1375599  66.2979736
 -28.2482166  66.1644287
 -27.1865673  66.151001
 -27.3454285  66.2910385
 -27.0014076  66.2421188
 -26.5366459  66.2818832
 -27.2760983  66.1106491
 -26.9286289  65.9767303
 -27.3428135  66.0580444
 -27.0521412  65.9770966
 -27.1611519  65.9348831
 -26.9627743  65.9393234
 -27.1117458  65.9069748
 -26.5887356  65.6737213
 -26.8654327  65.6858139
 -27.2130547  65.9051132
 -27.9370251  65.9857101
 -28.3288879  66.2010727
 -28.5836887  66.2174454
 -28.1799774  66.0378876
 -28.9878082  66.2881012
 -29.1731358  66.2666397
 -28.8360062  66.2315903
 -28.929327  66.1877594
 -28.6952133  66.0308228
 -28.0709381  65.9132004
 -28.5395164  65.952858
 -29.0033665  66.1244431
 -29.0994339  66.0744476
 -28.8015347  66.0291519
 -29.1353474  66.0608215
 -29.1994133  65.9764252
 -29.0132427  65.9528503
 -29.266264  65.9434357
 -29.3638039  66.0176926
 -29.2541504  65.9110184
 -29.4279823  65.9174652
 -29.4046688  65.9846878
 -29.6565037  65.9637299
 -29.5685005  65.8634567
 -29.8764324  65.7653885
 -29.8607159  65.6598129
 -29.0473499  65.8383636
 -27.6548443  65.8799057
 -27.6661072  65.8330154
 -28.4488735  65.8185959
 -27.977253  65.6158371
 -27.5282536  65.6729889
 -27.669899  65.8301773
 -27.1560345  65.8163147
 -27.1941319  65.704689
 -27.5634212  65.7525024
 -27.4656944  65.6120758
 -26.905159  65.630661
 -27.1839867  65.6716614
 -26.9940186  65.7035065
 -26.5774937  65.5983963
 -27.3189201  65.5602646
 -27.5831413  65.6173019
 -27.2679176  65.5014038
 -27.4160404  65.4801636
 -27.242981  65.3830643
 -27.6596832  65.5712357
 -28.098074  65.5665054
 -28.5693111  65.7933502
 -28.9443207  65.8073196
 -28.6696739  65.7610092
 -28.8483772  65.7422333
 -29.0495262  65.8140717
 -29.240675  65.7419434
 -29.0050201  65.7583008
 -29.4264603  65.7030792
 -29.2584705  65.6881866
 -30.0213013  65.606102
 -30.1974373  65.396431
 -29.4934368  65.4640274
 -29.6043034  65.4151611
 -28.5526333  65.4009323
 -28.0055351  65.2550278
 -28.5893078  65.38134
 -30.2795982  65.3766174
 -30.3825665  65.2973175
 -29.8251781  65.2714462
 -30.2810116  65.2849503
 -30.2979279  65.2303162
 -29.7999249  65.1417236
 -30.3087215  65.2229691
 -30.2663822  65.1267853
 -29.5243778  64.9919586
 -29.0987854  65.0376663
 -29.2473278  64.9726181
 -29.054781  64.9355698
 -29.256464  64.9502182
 -29.0564957  64.8762054
 -29.7771282  64.9873734
 -29.8972988  64.9030914
 -29.4611092  64.8908157
 -29.9598866  64.866188
 -29.4777927  64.7967148
 -30.313076  64.8440475
 -30.1802864  64.7178955
 -29.7385139  64.6982193
 -29.4479885  64.5965805
 -30.4943466  64.7367172
 -30.7199955  64.4728699
 -30.1982784  64.4546585
 -30.6696968  64.4589005
 -30.8465176  64.364769
 -30.6278286  64.3661194
 -30.8645935  64.3558121
 -30.5636215  64.3035583
 -30.1092911  64.3820648
 -29.2216129  64.5483398
 -28.9711628  64.6688156
 -27.8474197  64.8446045
 -27.5827618  64.8493805
 -27.9159203  64.783905
 -27.4018784  64.6482697
 -28.2142849  64.7626648
 -28.5076008  64.702713
 -28.4364929  64.6540909
 -28.9344711  64.6344681
 -29.1304531  64.5432663
 -29.0463257  64.5049515
 -29.4853592  64.4831848
 -30.7400379  64.2555618
 -30.6343403  64.2279053
 -30.7665806  64.1435318
 -30.2102985  64.1756668
 -30.6445827  64.112175
 -30.6059856  64.037468
 -29.9276524  64.137352
 -29.9856205  64.0216293
 -29.7919979  63.9771385
 -29.6029205  64.0665665
 -29.1782398  64.0872421
 -29.3044701  64.04702
 -29.2558289  63.9342194
 -29.4065838  64.052742
 -29.6533794  64.0312653
 -29.8288231  63.9184952
 -30.0894871  64.072998
 -30.6834545  63.9577904
 -30.3850803  63.9791336
 -30.7638512  63.8885803
 -30.4089966  63.8235016
 -30.1846485  63.9548531
 -30.3983479  63.7772141
 -30.1418991  63.8013992
 -30.4666367  63.7053375
 -30.4013062  63.6367149
 -30.0696278  63.7849922
 -30.3420773  63.6386414
 -30.3144836  63.5786591
 -30.0679245  63.6769371
 -30.2965603  63.5124893
 -29.6614246  63.596344
 -29.4934196  63.7189102
 -28.8906384  63.7770081
 -28.3026905  63.5480461
 -28.7274475  63.6979752
 -29.3060875  63.7247772
 -29.5437546  63.6670914
 -29.4682198  63.6012878
 -30.4184532  63.4573212
 -30.3273544  63.3896332
 -30.436676  63.3244057
 -30.1922302  63.4536324
 -30.2183628  63.3867226
 -30.0645847  63.3748741
 -30.241251  63.3052673
 -29.8762722  63.3864365
 -30.200716  63.2679558
 -29.9656887  63.2594223
 -30.3007622  63.2015839
 -30.1141167  63.0761757
 -30.3694363  63.0307541
 -30.3210106  62.9777603
 -30.4207306  62.9224777
 -30.1993256  63.0209808
 -30.0600185  62.9700813
 -30.3242912  62.893528
 -29.9291782  62.9231873
 -30.0148087  62.9769592
 -29.8413639  63.0704536
 -29.7253723  63.0166969
 -29.9136238  62.9271202
 -29.6439266  62.9708061
 -29.6588802  63.0253792
 -29.631918  62.9679184
 -29.4525204  62.9952316
 -29.649786  62.9592857
 -29.6042023  62.9118347
 -30.0905552  62.9078598
 -30.4542561  62.8082619
 -30.6106911  62.3130455
 -30.2631378  62.3727951
 -29.5403633  62.7667198
 -29.3789158  62.754528
 -29.5835686  62.5995522
 -29.0677528  62.6730499
 -29.0699654  63.1774139
 -29.003088  63.0936203
 -28.7301769  63.1333923
 -29.0052834  63.0621605
 -29.0006866  62.6706009
 -28.7954559  62.6182861
 -28.4331532  62.6775131
>
 -28.6753139  62.2968178
 -28.8090649  62.3612175
 -28.8336773  62.56353
 -29.0011921  62.6219673
 -29.149004  62.6172485
 -28.9699612  62.5777855
 -29.0762997  62.5505333
 -29.3543835  62.5856438
 -29.4039516  62.5412025
 -29.1729736  62.5118675
 -29.2206039  62.4485016
 -29.0145626  62.4634399
 -29.2144337  62.3841972
 -28.8508663  62.3791885
 -28.8523655  62.3319931
 -29.0632  62.3011284
 -29.3101559  62.4041824
 -29.2458363  62.3229141
 -29.5131836  62.3888626
 -29.7192764  62.2778854
 -29.5546761  62.2420578
 -29.6578026  62.2119179
 -30.4026299  62.2649765
 -30.0989132  62.2197533
 -30.3303947  62.2013779
 -30.1882267  62.1338844
 -29.797369  62.133625
 -29.0703602  62.2742844
 -29.3296413  62.1425362
 -28.9446678  62.1471329
 -28.939249  62.0217781
 -29.0495262  62.1239777
 -30.153326  62.1090469
 -30.083292  62.0571251
 -30.3480339  62.1147194
 -30.1670055  62.002079
 -30.3453007  61.8689384
 -29.7870502  61.9235687
 -30.3127861  61.8518219
 -30.1893959  61.8076782
 -30.4383926  61.8442421
 -30.5139961  61.7816925
 -30.3087254  61.7758255
 -30.515646  61.7589111
 -30.3931236  61.6646423
 -30.2355099  61.6970024
 -30.4677467  61.6093674
 -30.2746849  61.542778
 -30.1018257  61.6900787
 -29.5829048  61.6166344
 -29.6798573  61.5669632
 -29.6209698  61.6057777
 -30.0166187  61.5996666
 -30.1537495  61.6401215
 -30.1890736  61.5528946
 -29.8911648  61.5154648
 -30.3736324  61.492588
 -30.30723  61.4035225
 -30.1849461  61.4903564
 -30.2537193  61.3980255
 -29.9334335  61.4159012
 -29.99296  61.3754387
 -29.4335899  61.3098259
 -30.310091  61.3809357
 -30.3494778  61.2839203
 -30.2300243  61.2661552
 -30.3431568  61.1849861
 -30.06036  61.259449
 -30.2478523  61.1485786
 -30.1016788  61.2152977
 -29.4252434  61.1414566
 -30.0129681  61.0851746
 -29.9269562  60.9983444
 -30.0469513  60.9517822
 -29.635952  60.9442291
 -29.9158764  60.8454018
 -29.9492664  60.7509079
 -29.6702709  60.8998718
 -29.5043812  60.9129448
>
 -28.4912968  68.1442642
 -28.2597752  68.0209427
 -28.7714653  68.1221695
 -28.9467316  68.0247879
 -28.6086235  67.8093338
 -29.0133152  67.947525
 -29.0504303  67.798851
 -28.4522896  67.6572571
 -28.3076324  67.7071457
 -28.4544449  67.5967255
 -28.2033176  67.597496
 -28.3017197  67.535759
 -27.8090305  67.600647
 -28.1204853  67.5234146
 -27.9599819  67.4774704
 -28.7455235  67.5725937
 -28.5289478  67.3617706
 -28.3033504  67.3001785
 -26.6824703  67.4132996
 -26.6770897  67.4148026
 -26.4701157  67.4828949
 -26.4431458  67.6424408
 -26.9701424  67.8549652
 -27.0284939  67.9391785
>
 -24.7838039  67.6264648
 -24.792572  67.6166229
 -25.171627  67.6031189
 -24.9558315  67.401207
 -25.312851  67.4688721
 -25.5432091  67.4246979
 -25.3001308  67.2664413
 -25.6082478  67.3654709
 -25.8048611  67.2310104
 -25.2203426  67.1643829
 -25.4874382  67.1821442
 -25.4542198  67.1139374
 -25.6729641  67.2150574
 -25.8370476  67.1971359
 -26.0042763  67.0224228
 -26.2564907  66.9867096
 -25.8726654  66.924324
 -25.5050774  67.0369339
 -25.7095795  66.8974304
 -25.3660564  66.9241714
 -25.2828007  66.836998
>
 -28.4343853  62.6755981
 -28.7329865  62.5910263
 -28.5548706  62.5443153
 -28.7047215  62.5117149
 -28.7148571  62.4018784
 -28.6436272  62.3472023
>
 -29.5123672  60.8989792
 -29.6608486  60.8810539
 -29.9119053  60.6567383
 -29.7781334  60.7587967
 -29.7503376  60.7135391
 -29.5921707  60.7586708
>
 -29.6195259  60.710289
 -29.8719311  60.6311111
 -30.0624218  60.4700775
 -29.8624039  60.2827911
 -29.8570347  60.2837296
>
 -25.5309181  67.7302475
 -25.5922623  67.6974487
 -25.2283363  67.6881866
>
 -25.8472519  67.7742844
 -25.844986  67.73806
 -25.7126427  67.7555389
>
 -26.0889664  57.3716011
 -25.9264278  57.5071182
 -25.7639408  57.4696007
 -25.6983471  57.6411552
 -25.638773  57.5367622
 -25.5175648  57.6598511
 -25.4466591  57.5811462
 -25.6599751  57.4555435
 -25.1617336  57.4313164
 -25.1752033  57.3731918
 -24.7667198  57.272171
 -24.9013691  57.4235039
 -24.685482  57.4060211
 -24.7636528  57.4484329
 -24.6546402  57.488533
 -24.9201374  57.572937
 -25.1018162  57.5338135
 -24.7887344  57.6425285
 -25.1787682  57.7724457
 -25.2376766  57.6960373
 -25.2157993  57.7884216
 -25.5232048  57.8661499
 -25.4708214  57.9223061
 -25.0259609  57.7670441
 -25.0190983  57.9497719
 -24.9910927  57.7552757
 -24.7085743  57.6414223
 -24.6205559  57.659462
 -24.7591896  57.7415123
 -24.5516167  57.6561279
 -24.6053467  57.7132759
 -24.3188839  57.702137
 -24.6240597  57.7655411
 -24.3034  57.7258492
 -24.2133751  57.8084068
 -24.3644962  57.7509041
 -24.6639652  57.8539581
 -24.3930473  57.7820129
 -24.2023659  57.8668938
 -24.7879467  58.0366173
 -24.18367  57.9108849
 -24.715189  58.127533
 -24.2773876  58.0115852
 -24.0675545  58.033535
 -24.0653152  58.146534
 -23.9804115  58.1007538
 -23.9404621  58.177433
 -24.2350368  58.1932106
 -24.1736679  58.2331123
 -24.7341862  58.3515854
 -23.8682785  58.198513
 -24.3024025  58.379261
 -23.7663288  58.2848473
 -23.8082962  58.3623352
 -24.0466557  58.374588
 -23.8898869  58.3915329
 -24.3029289  58.503849
 -23.7860031  58.3896217
 -23.5107899  58.4736061
 -23.4746628  58.5624847
 -23.5893555  58.5116692
 -23.567379  58.6101265
 -23.9465599  58.6466293
 -24.0283623  58.7395096
 -23.4946785  58.6204414
 -23.4477844  58.7065887
 -23.3181992  58.694973
 -23.3965893  58.7344704
 -23.224762  58.7453842
 -23.7639694  58.8812103
 -23.6398926  58.9177055
 -23.5175457  58.8283997
 -23.274334  58.8134003
 -23.1161175  58.8980827
 -23.3005466  58.9702759
 -23.1171741  58.9423523
 -22.9743481  59.0240173
 -23.3828106  59.007515
 -23.2333965  59.0714874
 -23.3147354  59.1009865
 -23.0929489  59.139946
 -22.9687176  59.3232384
 -23.2803879  59.3944511
 -23.5083885  59.6244087
 -23.0070629  59.3889198
 -22.8242455  59.3956451
 -23.1503944  59.5259514
 -23.0607052  59.5107269
 -23.1098709  59.591713
 -22.9414215  59.4986725
 -22.9463005  59.5986404
 -23.5381565  59.8027267
 -23.5317974  59.8678246
 -23.1697598  59.7380524
 -23.1197166  59.8409195
 -23.1250305  59.7364388
 -23.0460243  59.8166199
 -22.9865837  59.7374649
 -22.9946594  59.8808899
 -22.9498539  59.8118019
 -22.8421822  59.8576546
 -23.0115032  59.9089279
 -22.7172394  59.9580116
 -22.7972298  59.8281288
 -22.5250397  59.7668114
 -22.4699955  59.8223267
 -22.284996  59.7810936
 -22.2514458  59.8778496
 -22.1311932  59.8428993
 -22.0606003  59.9210052
 -22.5503368  60.0049553
 -22.3951378  60.0102425
 -22.5473843  60.0989304
 -22.4630127  60.1965752
 -22.3416443  60.0304451
 -22.2715626  60.0660553
 -21.9681625  59.9606476
 -22.3599434  60.2334709
 -21.8477154  60.0169067
 -21.9379959  59.9632339
 -21.7547455  59.9544106
 -21.9068413  60.2167244
 -22.0639114  60.2366562
 -21.9478283  60.267334
 -22.0873089  60.4214859
 -21.8801613  60.4890289
 -21.7897644  60.4034081
 -21.7076607  60.3717346
 -21.6794777  60.4335289
 -21.532774  60.2731285
 -21.5964642  60.4520035
 -21.4557228  60.2450294
 -21.3181705  60.2714272
 -21.4877777  60.4457321
 -21.3925266  60.385067
 -21.2683964  60.3525276
 -21.2529526  60.4048004
 -21.0691891  60.312027
 -20.9952393  60.3975601
 -21.6831818  60.6753502
 -21.5175476  60.7537422
 -21.1600208  60.5322304
 -20.7341709  60.4742889
 -20.7148495  60.7095375
 -20.9015121  60.7569046
 -20.6852188  60.7470818
 -20.5807056  60.8905029
 -20.8134804  60.9787483
 -20.9677944  60.9040604
 -21.3574181  61.1407127
 -21.1109371  61.2021446
 -20.9090919  61.1277275
 -20.4734001  61.1676903
 -20.4534531  61.0865135
 -20.2469559  61.0921898
 -20.4497013  61.2333832
 -20.2822571  61.4263992
 -20.6393471  61.7605782
 -20.4340305  61.7520142
 -20.4905396  61.9447365
 -20.2667274  61.8309631
 -20.1855412  61.8668823
 -20.1488323  61.7844238
 -20.0057621  61.8972511
 -19.788084  61.6961899
 -19.559906  61.7418251
>
 -29.8570347  60.2837296
 -29.5872116  60.3290939
 -29.4602184  60.2735252
 -29.7291431  60.2939339
 -29.7675762  60.1811943
 -29.443512  60.2006035
 -29.500103  60.1441994
 -29.2424068  60.1296997
 -29.6923275  60.0652733
 -29.2915287  60.0389404
 -29.461956  59.9893951
 -29.3930187  59.9477043
 -29.7125015  60.0295639
 -29.5004997  59.9625854
 -29.7938156  59.890255
 -29.4591656  59.9479027
 -29.4468746  59.8820534
 -29.5974884  59.8707542
 -29.2725048  59.8624229
 -29.0506115  60.0387344
 -29.1758709  59.9119606
 -29.0312405  59.9636459
 -29.0957565  59.9094734
 -28.9450073  59.8886986
 -29.5889263  59.8292198
 -29.5091972  59.8075142
 -29.6781483  59.7112236
 -29.3867874  59.7596817
 -29.627739  59.6475105
 -29.5104675  59.571003
 -29.4062519  59.7092056
 -28.990387  59.8047256
 -29.4552422  59.5701027
 -29.1553974  59.6112404
 -29.4224262  59.4677238
 -28.9606647  59.4363403
 -29.57658  59.4695091
 -29.4555912  59.4303932
 -29.612112  59.4213295
 -29.2742653  59.3771858
 -29.4857426  59.3845901
 -29.4472885  59.3013496
 -28.7590179  59.3797379
 -28.9375782  59.3160896
 -28.704031  59.2942123
 -29.5196857  59.2562714
 -29.3749733  59.2442894
 -29.4405155  59.2074966
 -29.2502346  59.2516403
 -29.2741814  59.2049217
 -29.0898514  59.2533798
 -29.1410885  59.2033958
 -28.8283119  59.1503181
 -29.0523701  59.1039581
 -28.9068012  59.0781441
 -29.1584015  59.070118
 -29.1913204  59.0223427
 -29.0081863  59.0611458
 -29.1306438  59.0292969
 -29.0775471  58.9700012
 -28.8616371  58.998848
 -28.8796558  58.950428
 -28.6967163  59.0707016
 -28.4950123  59.0497093
 -28.8317966  58.9480591
 -28.7974777  58.8800278
 -28.6243477  58.9511871
 -28.763176  58.8298874
 -28.4188175  58.8995361
 -28.6401558  58.7424011
 -28.4045124  58.6989479
 -28.6782742  58.6800613
 -28.7703075  58.5895271
 -28.5065212  58.5194168
 -28.1676407  58.5373917
 -28.3978653  58.5853271
 -28.2573071  58.6831207
 -28.2748413  58.6217651
 -28.0663719  58.6133766
 -28.1131973  58.5487175
 -27.8657913  58.6120529
 -27.9327621  58.5701981
 -27.588356  58.484848
 -27.6349888  58.5517235
 -27.5491447  58.483139
 -27.5086327  58.5335884
 -27.4802914  58.4764748
 -27.5121746  58.5705872
 -27.4303417  58.5102768
 -27.433485  58.5842667
 -27.2943668  58.5499039
 -27.2461929  58.6354523
 -27.1088886  58.5106316
 -27.0254974  58.5360794
 -27.1361732  58.6216621
 -26.9678593  58.5478439
 -26.6942425  58.6066093
 -26.8992615  58.7643394
 -26.756567  58.7123833
 -26.5550098  58.8009605
 -26.7047634  58.6957092
 -26.5058212  58.5978584
 -27.0387173  58.4923401
 -26.9874001  58.4119835
 -26.4144917  58.5333557
 -26.3629169  58.6929512
 -26.327219  58.5178909
 -26.1168156  58.6070824
 -26.4649696  58.4340019
 -26.9533443  58.4065399
 -27.2027817  58.3447189
 -26.8246059  58.3840218
 -27.2522812  58.2850723
 -27.0590115  58.2332573
 -26.9243698  58.3476295
 -26.7122154  58.3192215
 -26.9298935  58.246254
 -26.7561512  58.2456398
 -26.3745499  58.4399872
 -26.3884487  58.3481827
 -26.2332687  58.3279915
 -26.4476395  58.3311539
 -26.6903114  58.2484741
 -26.4625683  58.2798195
 -26.5571022  58.2322006
 -26.9408951  58.187912
 -26.6608181  58.1664162
 -27.1096249  58.0882874
 -26.9994926  57.9985657
 -26.9077663  58.1200142
 -26.7367191  58.1159439
 -26.8773785  58.0730133
 -26.7441521  58.0476456
 -26.8397617  57.9906235
 -26.7661343  57.9144249
 -26.3212261  58.1888733
 -26.450758  58.0818596
 -26.2747059  58.0971718
 -26.7121868  57.9325294
 -26.2455044  58.0457077
 -26.4825916  57.8288612
 -25.8186703  58.0677757
 -26.5734196  57.5682983
 -26.2717724  57.5835342
 -25.7529068  57.8822212
 -26.1154366  57.6642838
 -25.9520111  57.6041679
 -26.1518021  57.6316833
 -26.1920357  57.5524368
 -26.4353733  57.565136
 -26.5522556  57.4891014
 -26.3814888  57.4705162
 -26.3084297  57.5328712
 -26.308054  57.4004173
>
 -29.5921707  60.7586708
 -29.4397812  60.8022003
 -29.4769897  60.7550392
 -29.6195259  60.710289
>
 -19.3296738  62.1357079
 -19.3930283  62.15979
 -19.3213921  62.1496887
>
 -19.5203152  61.8103104
 -19.5442276  61.8591309
 -19.4995022  61.8461876
>
 -25.2828007  66.836998
 -25.2691193  66.8228073
 -25.2964268  66.821701
>
 -28.4331532  62.6775131
 -28.4196281  62.6797447
 -28.4343853  62.6755981
>
 -28.6436272  62.3472023
 -28.4132385  62.1708832
 -28.6753139  62.2968178
>
 -29.5043812  60.9129448
 -29.1956577  60.9374542
 -29.5123672  60.8989792
>
 -26.1990795  57.3860817
 -26.1248493  57.4745178
 -26.1333866  57.3774414
>
 -19.3213921  62.1496887
 -19.2342491  62.1374702
 -19.2127228  62.2241364
 -19.0568638  62.1296883
 -18.8417988  62.2800903
 -18.7211723  62.2423325
 -18.7662868  62.125927
 -18.5974979  62.1991997
 -18.6423969  62.1125603
 -18.5909252  62.1767769
 -18.5210934  62.1328316
 -18.5238018  62.3151512
 -18.3435249  62.0509033
 -18.199894  62.1368752
 -18.0213604  62.0652466
 -18.0821037  62.2048416
 -17.9606342  62.1105499
 -17.8948421  62.1937904
 -17.8099308  62.1542969
 -17.9272404  62.0709229
 -17.8281898  62.1333084
 -17.7027779  62.081913
 -17.4841633  62.2279472
 -17.6670494  62.2675018
 -17.7053776  62.4551964
 -17.6048222  62.3441696
 -17.4728947  62.3423386
 -17.4740391  62.4285851
 -17.4106102  62.322876
 -17.3336887  62.3540115
 -17.2296524  62.4928017
 -17.3785992  62.5256348
 -17.2364998  62.5054054
 -17.0849953  62.5694847
 -17.1516228  62.632473
 -17.018261  62.6434631
 -17.0356998  62.586956
 -16.9130554  62.6435394
 -17.2637691  62.7826157
 -17.0059166  62.761364
 -16.9676952  62.8213768
 -16.8251686  62.6872292
 -16.4282417  62.6390038
 -17.1071262  62.4461517
 -17.1540546  62.3687401
 -17.0292397  62.3703499
 -17.231678  62.2822952
 -17.0765572  62.3302307
 -16.7875862  62.09832
 -16.8274727  62.1902122
 -16.7138004  62.123455
 -16.6303501  62.1875763
 -16.8726292  62.3531113
 -16.6309147  62.2126274
 -16.6327515  62.447464
 -16.5814209  62.3036728
 -16.4682255  62.3941193
 -16.5526886  62.1842613
 -16.0741768  62.2467117
 -16.0992718  62.3574562
 -15.8633451  62.3211403
 -15.9616842  62.2364502
 -15.8412275  62.2515182
 -15.8988771  62.1874199
 -15.8098984  62.2146301
 -15.7580986  62.1452408
 -15.5199251  62.2938385
 -15.3636246  62.258255
 -15.5449657  62.3087006
 -15.3103323  62.2981758
 -15.3246117  62.388546
 -15.2160921  62.287281
 -15.2960873  62.3948975
 -15.1094351  62.4136467
 -15.3151131  62.4472389
 -15.1771107  62.4954987
 -15.2835588  62.6338882
 -15.1331139  62.4515343
 -15.0086336  62.4895935
 -14.8470058  62.3683548
 -14.7090569  62.3695602
 -14.8640375  62.4382286
 -14.7046118  62.5171242
 -14.6657019  62.3863068
 -14.6232777  62.4438782
 -14.4348984  62.3996735
 -14.0523844  62.5674782
 -14.1593227  62.6723557
 -13.9331446  62.771862
 -13.9733963  62.6168098
 -13.8138819  62.691452
 -13.9327383  62.5944481
 -13.5990429  62.7174339
 -13.6188393  62.8058853
 -13.4955091  62.736618
 -13.5531702  62.8698692
 -13.3289576  62.9344101
 -13.4636173  62.9873886
 -13.2179174  62.9374619
 -13.323925  62.9924507
 -12.9235792  63.0760307
 -13.0215931  63.1736755
 -12.7146149  63.1600227
 -12.8543901  63.2947426
 -12.5672779  63.2904167
 -12.5727654  63.444912
 -12.2577972  63.4986153
 -12.354435  63.5546188
 -12.1246653  63.5293312
 -11.6872139  63.6795959
 -11.3910189  63.6131592
 -11.3755255  63.6937332
 -11.23312  63.679863
 -11.279357  63.796093
 -11.0777254  63.8726425
 -11.4569006  63.9788132
 -11.1434917  63.935154
 -11.4196453  64.3308945
 -11.2370377  64.4162521
 -11.205636  64.2002869
 -11.0307646  64.2391205
 -11.0330019  64.0068817
 -10.6171675  63.9384956
 -10.8523197  63.9240227
 -10.8004446  63.777153
 -10.5146904  63.842659
 -10.6345072  63.7976608
 -10.2480736  63.7015495
 -10.3431578  63.8582802
 -10.1944685  63.7175598
 -9.87895107  63.6795769
 -9.97789478  63.9005508
 -9.71335506  63.8238297
 -9.78921604  63.6956406
 -9.50588703  63.679718
 -9.62420845  63.849823
 -9.37955666  63.7916031
 -9.32035255  63.8760109
>
 -19.4995022  61.8461876
 -19.4019413  61.8182335
 -19.322443  61.907299
 -19.1862621  61.8815155
 -19.2837791  62.0117111
 -19.1110172  62.0523529
 -19.3296738  62.1357079
>
 -19.559906  61.7418251
 -19.4930382  61.7551575
 -19.5203152  61.8103104
>
>
 -9.32035255  63.8760109
 -9.26196289  63.9588814
 -8.92988968  63.6939926
 -8.75845432  63.7883606
 -8.63557529  63.7353859
 -8.62956047  63.8533211
 -8.4016943  63.7443581
 -8.05075359  63.8512917
 -7.87433624  63.7891579
 -7.86486912  63.8787079
 -7.662498  63.795475
 -7.55449247  63.9224167
 -7.32821226  63.7798157
 -7.40762711  63.8419228
 -7.22526789  63.884903
 -6.97502232  63.8135071
 -6.99599361  63.8909149
 -6.79702711  63.836937
 -6.46627998  63.9209061
 -6.49394274  63.8648567
 -6.22997427  63.8447075
 -6.07989359  63.9516029
 -5.82692003  63.919117
 -5.68294239  64.0086746
 -5.48574781  63.9847412
 -5.53669214  64.0668106
 -5.31712532  64.0500717
 -5.48232746  64.0997772
 -5.35414839  64.1205139
 -5.39906311  64.200058
 -5.16532898  64.0856323
 -5.12639618  64.2026215
 -4.9016757  64.1510239
 -4.81537247  64.2462387
 -5.03294182  64.2832794
 -4.96290064  64.3271179
 -4.48574877  64.261528
 -4.50188208  64.4342728
 -4.31010008  64.3359985
 -4.1930871  64.4211197
 -3.98662424  64.3617249
 -3.9235723  64.4679947
 -4.081985  64.5654144
 -3.71592164  64.43573
 -3.55047822  64.4697723
 -3.48599291  64.5990448
 -3.65095568  64.6772537
 -3.12416983  64.6119003
 -3.16339684  64.73069
 -2.93252754  64.6002197
 -2.8158896  64.6492233
 -3.1029079  64.7274017
 -2.88565302  64.7173233
 -2.84068608  64.7802277
 -2.6866045  64.7073746
 -2.76267362  64.7853622
 -2.49820018  64.7373734
 -2.31787419  64.7817459
>
 -6.16634798  65.2168655
 -6.25933123  65.1771622
 -6.27208996  65.2292099
>
>
>
>
>
>
>
>
>
>
>
>
>
>
>
>
>
>
>
>
>
>
>
>
>
>
>
>
>
>
>
>
>
>
>
>
>
>
>
>
>
>
>
>
>
>
>
>
>
>
>
>
>
>
>
>
>
>
>
>
>
>
>
>
>
>
>
>
>
>
>
>
>
>
>
>
>
>
>
>
>
>
>
>
>
>
>
>
>
>
>
>
>
>
>
>
>
>
>
>
>
>
>
>
>
>
>
>
>
>
>
>
>
 -26.308054  57.4004173
 -26.3080654  57.3746834
 -26.2052307  57.3764839
 -26.2030811  57.381443
 -26.1990795  57.3860817
>
 -26.1333866  57.3774414
 -26.1374092  57.3311348
 -26.0889664  57.3716011
>
>
>
>
>
>
>
>
>
>
>
>
>
>
>
>
>
>
>
>
>
>
>
>
>
>
>
>
>
>
>
>
>
>
>
>
>
>
>
>
>
>
>
>
>
>
>
>
>
>
>
>
>
>
>
>
>
>
>
>
>
>
>
>
>
>
>
>
>
>
>
>
>
>
>
>
>
>
>
>
>
>
>
>
>
>
>
>
>
>
>
>
>
>
>
>
>
>
