> western side
			-40 40
			-40 80
			40 80
			40 70.082
  15.8067675  70.0159225	# barents shelf southwestward along break-up zone
  14.7548494  69.7899933
  12.90446  69.4738846
  11.9984179  69.3878098
  11.364933  69.325943
  10.4260025  69.224411
  9.60593605  69.0920715
#  9.29074097  69.1808701
#  8.21281052  68.8438797
#  7.26946449  68.5814819
#  6.5047226  68.3487396
#  5.69903803  68.0981979
#  4.89574289  67.8491898
#  4.19618511  67.6407394
#  3.46822119  67.4193192
#  3.5581882  67.277626
  3.11471725  67.1463776
  2.44856143  66.968811
  1.9383285  66.8175507
  1.67340386  66.8198929
  1.37150669  66.7563248
  0.933119953  66.5940628
  0.624352336  66.3900909
  0.56354773  66.2352448
  0.502624154  66.0518265
#  0.295353919  65.8603058
#  0.119193591  65.6432648
# -0.112622753  65.4306717
# -0.485715687  65.1807327
# -0.971958995  64.9526443
# -1.44042552  64.9320831
# -2.11104798  64.6202316
# -2.59505963  64.4187012
# -3.27321076  64.1557617
# -3.79024649  63.9437332
# -4.37031984  63.7373505
#-5 63.0
1.12288 64.8
0.0741525 64.0524
-0.858051 63.6704
-2.02331 63.3305
-2.8 63
-3.16929260933	62.5448484478		# ne of faroes, sw of more basin
-4.40191746642	62.1882918724	
-5.05193758804	61.4570512361	
-6.47988258851	60.8180811579	
-7.34107560684	61.2048929422	
-8.35926270955	61.104302958	
-8.8112332679	60.8602154399	
-9.56702577283	60.4924258708	
-10.2924306919	60.5630293897	
-11.7925853299	60.5871499968	
-12.6013063043	60.3914898618	
-13.1837013719	60.1507984354	
-13.6145122485	59.6808166755	
-14.027885918	59.1442596284	
-14.5390707223	58.900357062	
-14.5398581584	58.4986349404	
-14.2382491457	58.2748210946	
-13.6493639413	57.8645062039	
-13.6927760325	57.3790569376	
-13.9780070879	56.9930871861	
-14.7814611448	56.5285488538	
-15.2111926737	56.2812085271	
-15.7756448802	55.9239115937	
-16.9190659058	55.5342845454	
-17.7513801079	54.9599281563	
-18.2424223478	54.6345488746	
-18.9524261588	54.3532433551	
-19.5405322119	54.0361948429	
-19.6849024095	53.8759262124	
-20.0121677338	53.5734230923	
-20.1471281927	53.3712256018	
-20.1659655791	52.9871447716	
-20.125723642	52.6299022548	
-20.1519630383	52.2651539224	
        -20.090         52.220	# Atlantic entrance to Rockall Trough, west to east
        -19.947         52.190
        -19.713         52.189
        -19.431         52.188
        -19.147         52.191
        -18.932         52.197
        -18.604         52.206
        -18.171         52.228
        -17.910         52.227
        -17.594         52.235
        -17.438         52.250
        -17.254         52.270
        -17.084         52.276
        -17.004         52.270
        -16.923         52.225
        -16.802         52.130
        -16.634         52.000
        -16.401         51.829
        -16.326         51.789
        -16.226         51.692
        -16.072         51.561
        -15.945         51.441
        -15.814         51.338
        -15.637         51.197
        -15.419         51.064
        -15.253         50.932
        -15.142         50.859
        -14.999         50.743
        -14.778         50.595
> 
					-14.11	0
-14.1132502435	51.3004376734	# from southern edge of porcupine bank, along eastern Rockall Trough
-14.2146282256	51.3094783863	
-14.3174512383	51.3381727062	
-14.4195394125	51.3549038313	
-14.4879411379	51.3963434708	
-14.5088594878	51.4372482864	
-14.5292591695	51.5098321748	
-14.6196107777	51.5603970045	
-14.6901218054	51.6214309009	
-14.7467278712	51.6927761282	
-14.7839581715	51.7449670053	
-14.8071519574	51.807530703	
-14.8472317421	51.8912626686	
-14.873302268	51.9853741279	
-14.8473015958	52.069387664	
-14.7825242356	52.1249977187	
-14.7688866763	52.1788838571	
-14.790480882	52.219729436	
-14.7768253999	52.2736166758	
-14.7669927554	52.3372655326	
-14.7531064841	52.3891736797	
-14.776631634	52.4517428487	
-14.7647186775	52.5273310286	
-14.7556474953	52.6008421526	
-14.7278184196	52.70664964	
-14.7357884652	52.8013668271	
-14.7267842048	52.8768709631	
-14.7145070741	52.9504779933	
-14.6877813208	53.0364324101	
-14.656051571	53.1007547335	
-14.5976821756	53.2193363782	
-14.5331636065	53.3043960173	
-14.4512823041	53.3701629734	
-14.367617428	53.4160995361	
-14.2859856645	53.4916103325	
-14.200927703	53.5671264854	
-14.117981233	53.6326463008	
-14.0333982644	53.678329488	
-13.8951946643	53.7232839314	
-13.7385834335	53.7803408804	
-13.6185638234	53.8245220615	
-13.5140170002	53.8682512326	
-13.3892790465	53.892485824	
-13.2675428992	53.9165408454	
-13.0878952248	53.9196754305	
-12.8928645976	53.9326283093	
-12.69735126	53.9353613989	
-12.5557533989	53.9470046946	
-12.4302033444	53.9701737475	
-12.2878913858	53.9617023627	
-12.1815503339	54.0041639152	
-12.0241831263	54.0370109716	
-11.9171952429	54.0693412242	
-11.7910285918	54.1016438188	
-11.6680563934	54.1555451281	
-11.5415595098	54.2073390924	
-11.4179205764	54.2609635491	
-11.3449483532	54.3341939247	
-11.2557426486	54.397481404	
-11.1119095671	54.46064353	
-10.983836527	54.4920452737	
-10.8392201	54.5548562784	
-10.7295724904	54.607771223	
-10.6035644566	54.6604873321	
-10.5122284681	54.7330729465	
-10.4914930386	54.8060648789	
-10.4002534722	54.8489078793	
-10.3088602881	54.8896976076	
-10.213193187	54.9619934164	
-10.1560322344	55.0365878298	
-10.0824601124	55.108989375	
-10.060702286	55.1819182134	
-10.0231835907	55.2348967025	
-9.98451487253	55.3194891768	
-9.9064477582	55.4016154564	
-9.81238114922	55.4637501045	
-9.756162082	55.4748904959	
-9.66389672935	55.4835301258	
-9.5499545997	55.5352796722	
-9.52782131538	55.5883344158	
-9.43323878387	55.6382831203	
-9.40982153016	55.7130414645	
-9.35002843477	55.7852413226	
-9.30876178658	55.8794708337	
-9.28774504822	55.9641327232	
-9.24225547802	56.068173523	
-9.2383143859	56.1412613101	
-9.19635887195	56.2354493662	
-9.15418703557	56.3296218441	
-9.12736589366	56.4458080422	
-9.16024465418	56.5195765011	
-9.14088871974	56.5627222169	
-9.05945703643	56.624529276	
-9.03606035693	56.6755069865	
-9.05317714356	56.7292231522	
-9.08732767032	56.7832491603	
-9.08356935115	56.8464583893	
-9.12070185432	56.9104097186	
-9.17571650879	56.962816937	
-9.24732886159	57.0273211222	
-9.2815071964	57.0911650504	
-9.33576903269	57.1671838213	
-9.41100436439	57.2415379049	
-9.46586359008	57.3155196553	
-9.4996359803	57.4010474756	
-9.53356843349	57.486565984	
-9.57122873234	57.5701448811	
-9.62637999237	57.6559075895	
-9.60153422026	57.7405970615	
-9.61909279102	57.8139810295	
-9.59318176696	57.91841841	
-9.59018861095	57.9816618631	
-9.54586264515	58.0977013492	
-9.48162513623	58.1818178553	
-9.43997784585	58.2345963129	
-9.41487766527	58.307374568	
-9.2694158525	58.3683872899	
-9.10626133763	58.4190455613	
-9.00253979574	58.4804954384	
-8.83929169296	58.5189483865	
-8.67642021747	58.5472958042	
-8.53035711894	58.5857093531	
-8.3436139954	58.6348763795	
-8.19932767065	58.6848256386	
-8.098102131	58.6921809623	
-7.99570181681	58.7113135992	
-7.88862863723	58.7401094229	
-7.78496297337	58.7689311746	
-7.70268194192	58.7982831846	
-7.63382821176	58.8695261938	
-7.56338931243	58.9525856262	
-7.49281977831	59.0336283714	
-7.42168337686	59.1165871403	
-7.25100236112	59.1746113058	
-7.12242278372	59.2120346424	
-6.97146682045	59.2505587673	
-6.82119146312	59.3087347847	
-6.68729230308	59.3772611895	
-6.65093641563	59.480938067	
-6.18665556254	59.6752784774	
-5.75127887072	59.7741799675	
-5.59275039639	59.8307238652	
-5.44298257338	59.8557242273	
-5.23514819395	59.9512690266	
-5.11535522717	60.0309316645	
-4.98099443131	60.0661218042	
-4.77674365121	60.1294400953	
-4.57501315191	60.194609766	
-4.43730531818	60.2390459397	
-4.31071020761	60.3177410522	
-4.16629675755	60.4053016867	
-4.04324924435	60.4621167052	
-3.85949415437	60.5153962198	
-3.70241194478	60.5501195683	
-3.49013193356	60.6211826055	
-3.34073043258	60.6977556408	
-3.14636350788	60.7813862018	
-2.95095835272	60.8647216497	
-2.68707375978	60.9533352758	
-2.30761361076	61.0456654258	
-2.08917795975	61.1263920622	
-1.92446640227	61.2325992775	
-1.73914272221	61.3252029863	
-1.55963624804	61.4080653711	
-1.44413262694	61.4854790323	
-1.29528129295	61.60233722	
-1.18808083717	61.7222259159	
-1.05155184954	61.7958883335	
-0.92988310679	61.8825999244	
-0.70169529388	61.9609614834	
-0.499225507132	62.0090298569	
-0.26400914901	62.0341598627	
-0.00559780099645	62.0549752246	
0.265177318991	62.1063603643	
0.477546255818	62.1202169433	
0.718330251212	62.1533328438	
0.9763789171	62.2166760849	
1.3958073034	62.2102051042		# inner edge of norwegian sill province (southern end)
1.49512174741	62.2490946123	
1.63498874784	62.3060643087	
1.73184494522	62.3446283947	
1.81498406348	62.3761050344	
1.89116735439	62.3892409672	
1.96922443114	62.3946757089	
2.04591767195	62.3970903561	
2.12170395119	62.3989326961	
2.19723359898	62.3973301747	
2.26781151549	62.3944778631	
2.36529676921	62.3972381304	
2.43263887403	62.3994740205	
2.49276131005	62.4013384407	
2.55072081832	62.4084017027	
2.6202858263	62.4150053966	
2.71109658032	62.4249573242	
2.77693548985	62.4346994653	
2.83452522593	62.4542072344	
2.89871347478	62.4826897536	
2.96176375566	62.4864086457	
3.0158352248	62.4984229226	
3.0489284821	62.5317786504	
3.07044932517	62.5709229227	
3.08542898513	62.5957527654	
3.10755182561	62.6112046621	
3.14163378656	62.6300576496	
3.17528639652	62.6513022174	
3.2414282783	62.6680735936	
3.3241446663	62.6811311662	
3.37158997601	62.6917556691	
3.42293169675	62.6986487423	
3.45801881671	62.7305151173	
3.48815323991	62.7554043615	
3.53439714786	62.7847836396	
3.5771267429	62.8222310127	
3.61594157191	62.8527417212	
3.67281536519	62.8892441475	
3.72350684472	62.9254879858	
3.76043285765	62.9621659752	
3.80581719296	62.9996269431	
3.86485850886	63.0448198801	
3.90265046277	63.0722968622	
3.9480466061	63.0932651684	
4.00320916066	63.1198801462	
4.03747998846	63.1380056931	
4.06852157162	63.1690613971	
4.10649621013	63.1911635233	
4.11980122614	63.2201416717	
4.11556650523	63.2388479695	
4.11914442471	63.2747413243	
4.09732713224	63.3020269715	
4.06238647261	63.3365900349	
4.03767047424	63.3613514689	
4.02618196834	63.3841548916	
4.02646596784	63.4073689805	
4.01303847426	63.4349386699	
4.01378185477	63.4678375497	
4.0283389873	63.5021843262	
4.04731122758	63.5424824679	
4.0705705189	63.5771234488	
4.09521364105	63.6103563273	
4.12049783972	63.6465054851	
4.14866875224	63.6788791095	
4.15874113771	63.7154707207	
4.15972993724	63.7478888416	
4.14541821774	63.7739915946	
4.11293059656	63.7912608931	
4.08123841746	63.8100011912	
4.04851214113	63.8219324485	
4.02524552104	63.823548528	
3.98534312728	63.820232365	
3.95512963978	63.8056416564	
3.93791888726	63.7736135526	
3.901660149	63.7384910544	
3.88424705088	63.7020952457	
3.84674444911	63.6746461734	
3.83784902458	63.645800006	
3.81110919309	63.6254947105	
3.78451566705	63.6105074929	
3.73963678861	63.6064494259	
3.68452308787	63.6165048094	
3.63655475108	63.6345451498	
3.59141993835	63.6488090666	
3.54858651864	63.6621802431	
3.4990779908	63.6704474492	
3.45367792978	63.6798246013	
3.39701748336	63.6853632032	
3.3424738044	63.6856423502	
3.28162347813	63.6793605914	
3.22629877141	63.6674690511	
3.16974390522	63.6564723937	
3.12098825053	63.6448044412	
3.07119455168	63.6330757011	
3.02774323754	63.6172377849	
2.97366883047	63.6004543873	
2.92693799275	63.5902519298	
2.8793536085	63.5891923784	
2.81763372002	63.5981552296	
2.77812651021	63.6196770696	
2.7595994187	63.6445256858	
2.73912817664	63.6780013084	
2.72885250227	63.7046603844	
2.728505575	63.730785201	
2.74402492203	63.7445318978	
2.80337738659	63.7529125634	
2.87624561986	63.754584116	
2.96995691926	63.7508031088	
3.03927953816	63.7536947331	
3.12232102122	63.753726983	
3.20733499292	63.7547583457	
3.25138394459	63.7637830687	
3.26678711923	63.779395148	
3.26692469103	63.8002032316	
3.2588613476	63.8182657452	
3.23883169642	63.8358501925	
3.18824029994	63.8420434579	
3.13023475768	63.8416277775	
3.06639309706	63.8428840131	
3.02798084896	63.8533947613	
2.95914265234	63.8573009837	
2.90659436566	63.8618644982	
2.82817987356	63.8691763443	
2.76471708365	63.8732218264	
2.7174408111	63.8784303372	
2.67950312444	63.885970009	
2.6522069189	63.8949374007	
2.64001891032	63.9098924985	
2.66103171915	63.9190471718	
2.71483491886	63.9243047176	
2.79292395799	63.9242951078	
2.86915134157	63.9227122067	
2.95222053731	63.9199242185	
3.04072343537	63.9173133191	
3.09474976534	63.9113071658	
3.16270474812	63.912135288	
3.22373047084	63.9145894766	
3.26804245964	63.9289334374	
3.25597494478	63.9502245416	
3.23098007214	63.9647107093	
3.17736840732	63.9736897812	
3.12085057915	63.9805965046	
3.07949770643	63.9885873165	
3.02200187291	63.999772279	
2.96867455189	64.0067541272	
2.92375263542	64.0155221715	
2.86046269193	64.027371393	
2.80901911224	64.0353453039	
2.76805686176	64.0456894999	
2.73646776652	64.053524215	
2.71449526579	64.062738296	
2.73599810662	64.0801279631	
2.79066278594	64.0829635489	
2.89518118014	64.0854654467	
2.99314492376	64.0876200793	
3.09699180957	64.093334648	
3.12796345169	64.1037846563	
3.16411808829	64.1265316615	
3.18575155005	64.1448170065	
3.21591210516	64.1595672791	
3.25060129859	64.1686839273	
3.29646540688	64.1559769829	
3.34026495153	64.1368877833	
3.37212003324	64.1163573539	
3.40502495767	64.0958618014	
3.44513173176	64.0722503275	
3.46550018183	64.0420734086	
3.47231310926	64.0133128595	
3.4761164844	63.9829865266	
3.47316988963	63.9644943592	
3.46453275006	63.941431114	
3.51889751711	63.9333459803	
3.56886807081	63.925076202	
3.61698066532	63.9205895989	
3.66970341561	63.9264127091	
3.69734311312	63.960311871	
3.71019251218	64.0028518754	
3.70590987003	64.0428308623	
3.72382908228	64.0763655074	
3.74984226457	64.108255326	
3.7338642273	64.1516795387	
3.71443608486	64.19546169	
3.72877356502	64.2191917033	
3.78356789101	64.2289000137	
3.83955795548	64.2502328214	
3.90269969453	64.2814609873	
3.94894014828	64.314491875	
3.99479468759	64.3441080024	
4.04752561549	64.3608882896	
4.11603074344	64.3709245087	
4.20488507351	64.3733786645	
4.27255133474	64.3692963941	
4.334472232	64.3529186759	
4.35903582444	64.3131062107	
4.37530092306	64.2759281772	
4.39399770721	64.257189387	
4.43838096965	64.2508516642	
4.52158057695	64.2858021805	
4.55504558449	64.3196801329	
4.59558813231	64.3585931441	
4.62838831997	64.4117557075	
4.63268781327	64.4408722386	
4.62735094239	64.4672860738	
4.62073340419	64.4946280389	
4.61537259988	64.5210411514	
4.60706798727	64.5517147532	
4.59813926166	64.572223471	
4.59300072284	64.6039578121	
4.605863676	64.6357462512	
4.62916733204	64.665909643	
4.65027453343	64.6960034924	
4.67930198277	64.7263247278	
4.69418875802	64.7605761655	
4.72340902123	64.7904084516	
4.75488364609	64.8135348823	
4.787541556	64.8366869813	
4.82462863228	64.8609212894	
4.84782842579	64.8871727674	
4.86277055646	64.9156053477	
4.87285742119	64.953561768	
4.86797554317	64.9925518337	
4.86429013201	65.0310920702	
4.85928549651	65.0633164121	
4.85094992692	65.10945636	
4.85347440615	65.1520330313	
4.86070166726	65.1792823755	
4.89242285181	65.1970601652	
4.93280030926	65.2112011246	
4.97388044579	65.2210023039	
5.02329710099	65.2368080898	
5.03051263599	65.2577661271	
5.02165450871	65.2782992513	
5.01096096225	65.3108575636	
5.009615848	65.3349700922	
5.05019410785	65.3495618753	
5.0988771051	65.3566248125	
5.14765722383	65.3631910623	
5.17301093882	65.3797722966	
5.17331483221	65.401510484	
5.17474275065	65.4155507213	
5.18131916091	65.434067149	
5.19000776493	65.4540849848	
5.2030604784	65.4761431374	
5.21230926543	65.5005189969	
5.2286042695	65.5245865365	
5.25005802055	65.5453992627	
5.28658191033	65.5670606164	
5.34149147789	65.5828791909	
5.40920038414	65.5994624878	
5.46943440308	65.6114954607	
5.53910724249	65.6232358968	
5.59964677776	65.6337738738	
5.65053603045	65.6469710865	
5.70061705778	65.6577193096	
5.73975174583	65.6720779183	
5.80112065634	65.686894126	
5.84655074105	65.6984595945	
5.89861774914	65.7038716085	
5.94736999501	65.7077512801	
5.98495909043	65.6969163148	
5.99104001626	65.674836101	
6.00499862642	65.6553240206	
6.06534638885	65.6593947868	
6.13536743157	65.6713448264	
6.17710177197	65.6856357205	
6.19627537472	65.7139780203	
6.19683967291	65.7303953191	
6.19076311235	65.7539288974	
6.19660924074	65.7757512808	
6.20721070299	65.7971776116	
6.2296251387	65.8183346668	
6.26204323883	65.8343591771	
6.29369014075	65.8580829851	
6.33075595792	65.8756211248	
6.36468499441	65.8897181857	
6.40469800232	65.9140425674	
6.45205907876	65.9365475587	
6.49751830378	65.9551461072	
6.53722750557	65.9726734362	
6.59368384108	65.9890052377	
6.64311244942	66.005207974	
6.69211743488	66.0136690142	
6.74230684353	66.0091064499	
6.76508910575	65.9925546979	
6.77985997717	65.9725076708	
6.79417416481	65.9437697184	
6.79926946695	65.9120044525	
6.78155877275	65.8847349187	
6.76712207298	65.8608874216	
6.75754060374	65.835662113	
6.77251694318	65.812242559	
6.80834373505	65.7920164367	
6.84885332559	65.7853555872	
6.91241537215	65.7838245536	
6.97048039149	65.7923241162	
7.01867122905	65.8074267295	
7.04642727525	65.8290071512	
7.06720660372	65.8500118326	
7.08955563687	65.8662094313	
7.14232582811	65.8697518642	
7.1799718502	65.8706856221	
7.17607664761	65.8923440576	
7.17114303276	65.9284598059	
7.15903189108	65.9490552039	
7.13890711588	65.965694408	
7.17051799855	65.9868135261	
7.22064515222	65.9980120792	
7.29155751639	66.0002621434	
7.39332101595	66.0018398365	
7.46887971255	66.0059855113	
7.53969893406	66.0105313257	
7.59656886355	66.0105776794	
7.65573155704	66.0120697959	
7.71717329627	66.0154870839	
7.74683486861	66.0388783358	
7.77478406659	66.0743055312	
7.77502328701	66.1186720983	
7.7897442408	66.1592945598	
7.80152606789	66.1873548119	
7.82504905892	66.2203254324	
7.86213415533	66.245676682	
7.89068414412	66.2762620413	
7.92680144419	66.299661118	
7.96842763243	66.3365892722	
8.0072389834	66.3566111638	
8.06049645456	66.3776751103	
8.11848491955	66.4035688801	
8.1935929547	66.4251903534	
8.24356701464	66.445208954	
8.30686069904	66.4662351314	
8.40879739815	66.491243197	
8.49526662971	66.5142065076	
8.57232641431	66.5308284652	
8.67120049398	66.5527629358	
8.75936487436	66.5726901401	
8.8513883215	66.5790718803	
8.93011524342	66.5897333387	
8.99314535218	66.5984268974	
9.0549905252	66.5998637761	
9.13502840016	66.6002974698	
9.20772819654	66.5929863038	
9.27688356407	66.5977008013	
9.34846349871	66.600451013	
9.36331187372	66.620666619	
9.37236498277	66.6577689557	
9.37648075843	66.6886149569	
9.38169867381	66.7112620543	
9.38581260725	66.7406612921	
9.4020992834	66.7671371037	
9.44386041546	66.7810066665	
9.48812264265	66.7953396871	
9.55425377384	66.800907073	
9.63790888466	66.8208409378	
9.70682556968	66.8345297713	
9.7712532605	66.8588177227	
9.81870152861	66.8850970541	
9.85402282419	66.9128746812	
9.88917883087	66.9338956867	
9.92938939122	66.9568082089	
9.98421820036	66.9738352988	
10.0470744793	67.0038092624	
10.1159682446	67.0274489109	
10.1972497199	67.0490382319	
10.2602630374	67.0731431872	
10.308269199	67.0920437454	
10.3773113982	67.1093037411	
10.4319022626	67.1319688141	
10.478801347	67.1489008658	
10.5218317825	67.1624810482	
10.5793824357	67.188444889	
10.6200762533	67.2208290767	
10.6686919461	67.2401015235	
10.7130570564	67.268567647	
10.7591387059	67.2849476526	
10.7651821352	67.3162267641	
10.7744553956	67.3402365678	
9.04549763702	67.3635445019		# northern end of inner edge of norwegian sill province
9.16530334978	67.4354919925	
9.31514394342	67.5055159843	
9.46209526558	67.5426427711	
9.60386725828	67.5677746874	
9.60339731967	67.6013044029	
9.63463516254	67.6637594086	
9.84745129181	67.7025341364	
9.92618923339	67.7589545727	
10.0571999632	67.8646884486	
10.2165148427	67.9103986529	
10.202744477	67.9896747003	
10.3539578077	68.0803702421	
10.5117571998	68.1492216385	
10.6998968604	68.247426273	
10.963767694	68.3333388759	
11.2155669849	68.3998949269	
11.4563738075	68.4801353142	
11.703757495	68.5131043285	
11.9310299665	68.5823853081	
12.2169174284	68.6431807517	
12.4535297574	68.6876003919	
12.6296294167	68.7065517598	
12.7644019823	68.8016206412	
13.0036136427	68.8450833962	
13.1997739681	68.8502727856	
13.371920502	68.9162374189	
13.5270854375	68.9954073748	
13.6668469104	69.0321170756	
13.8177776398	69.077596195	
14.0799745828	69.0828185911	
14.3494664485	69.1443048516	
14.5138618768	69.1981778179	
14.6277294465	69.2385552233	
14.8389408745	69.2506730506	
14.9585088386	69.2900722933	
15.1257735511	69.3435135547	
15.3319170909	69.4035917993	
15.5304688979	69.4302750382	
15.7179991031	69.4217472468	
15.7992826638	69.4562904675	
15.7792917353	69.5158435841	
15.8824528384	69.5923875798	
16.0010882067	69.6535610044	
16.2542317484	69.7166823446	
16.4829214398	69.7139097212	
16.6218308574	69.7150343164	
16.5929197564	69.8135804001	
16.5993795243	69.8691866638	
16.6409602002	69.9452110271	
16.7884560182	70.0017930228	
16.9414397474	70.0572674882	
					40	70.0572674882
					40	80
					40	0
>